10	F	0	1
10	R	0	1
10	I	1	1
10	V	1	1
11	I	0	1
20	I	0	1
20	T	0	1
20	V	0	1
20	R	1	1
20	M	1	1
23	I	0	1
24	I	0	1
30	N	0	1
32	I	0	1
33	F	0	1
33	I	1	0
34	Q	0	1
35	G	0	1
36	I	1	1
36	V	1	1
43	T	0	1
46	I	0	1
46	L	0	1
46	V	0	1
47	A	0	0
47	V	0	1
48	M	0	0
48	V	0	1
50	L	0	1
50	V	0	1
53	L	0	1
53	Y	0	0
54	A	0	1
54	L	0	1
54	M	0	1
54	S	0	0
54	T	0	1
54	V	0	1
55	R	0	1
58	E	0	1
63	P	1	1
66	F	0	1
67	F	0	1
71	I	0	1
71	T	1	1
71	V	1	1
72	L	1	1
73	A	0	0
73	C	0	1
73	S	0	1
73	T	0	1
74	A	0	1
74	P	0	1
74	S	0	1
76	V	0	1
77	I	1	1
79	A	0	1
82	A	0	1
82	F	0	1
82	S	0	0
82	T	0	1
84	A	0	0
84	C	0	0
84	V	0	1
85	V	0	1
88	D	0	1
88	S	0	1
88	T	0	0
89	V	0	1
90	M	0	1
92	R	0	1
92	K	1	1
95	F	0	1
