-1.20397280432594 -0.916290731874155 -0.356674943938732
-2.30258509299405 -2.30258509299405 -2.30258509299405
0.587786664902119 0.182321556793955 0.741937344729377
-2.30258509299405 -0.916290731874155 0.741937344729377
-1.6094379124341 2.86220088092947 4.27666611901606
0.832909122935104 -0.105360515657826 0
1.68639895357023 5.99146454710798 5.99146454710798
-0.916290731874155 -0.693147180559945 -0.356674943938732
-2.30258509299405 -1.6094379124341 -0.693147180559945
0.8754687373539 2.09186406167839 2.27212588550934
-0.510825623765991 -0.510825623765991 -0.105360515657826
-0.916290731874155 -0.916290731874155 -0.510825623765991
-1.6094379124341 -1.6094379124341 -0.916290731874155
0.0953101798043249 -0.105360515657826 0.405465108108164
-2.30258509299405 -2.30258509299405 -1.20397280432594
-2.30258509299405 -1.6094379124341 -1.6094379124341
-0.916290731874155 0.53062825106217 5.99146454710798
-0.356674943938732 -0.356674943938732 -0.105360515657826
-0.356674943938732 -0.510825623765991 -0.356674943938732
-0.105360515657826 2.58021682959233 5.99146454710798
-0.693147180559945 -1.20397280432594 -0.916290731874155
5.29831736654804 5.99146454710798 5.99146454710798
0.587786664902119 -0.356674943938732 0.405465108108164
-0.916290731874155 -1.6094379124341 -1.6094379124341
5.29831736654804 5.99146454710798 5.99146454710798
2.09186406167839 -0.510825623765991 3.61091791264422
-0.356674943938732 -0.916290731874155 -1.20397280432594
-0.356674943938732 -0.693147180559945 -0.510825623765991
-0.22314355131421 -0.693147180559945 -0.693147180559945
5.29831736654804 5.99146454710798 5.99146454710798
-0.510825623765991 -0.916290731874155 -1.20397280432594
4.0943445622221 2.70805020110221 5.99146454710798
4.12713438504509 2.70805020110221 5.99146454710798
2.70805020110221 1.30833281965018 5.63478960316925
0.693147180559945 0 0
-1.20397280432594 -0.916290731874155 -0.510825623765991
1.80828877117927 0 4.44265125649032
3.87120101090789 5.99146454710798 5.99146454710798
0 0 0.0953101798043249
1.09861228866811 1.02961941718116 1.66770682055808
3.89182029811063 1.02961941718116 5.99146454710798
2.99573227355399 0.955511445027436 0.955511445027436
-0.693147180559945 -0.916290731874155 -0.916290731874155
4.18965474202643 1.94591014905531 5.99146454710798
3.91202300542815 1.45861502269952 5.70044357339069
0.0953101798043249 -0.356674943938732 -0.356674943938732
-1.6094379124341 -1.20397280432594 -0.916290731874155
4.48638664999812 3.03013370027132 3.73289633953071
-2.30258509299405 -1.6094379124341 -1.6094379124341
3.05400118167797 1.75785791755237 5.99146454710798
-0.693147180559945 -0.693147180559945 -0.510825623765991
5.29831736654804 5.99146454710798 5.99146454710798
1.70474809223843 3.49650756146648 5.7037824746562
5.29831736654804 3.71357206670431 5.99146454710798
999 5.99146454710798 5.99146454710798
-0.916290731874155 -0.916290731874155 -0.510825623765991
2.00148000021012 -0.356674943938732 5.01063529409626
-2.30258509299405 -1.6094379124341 -1.20397280432594
-0.22314355131421 0 0.693147180559945
-0.916290731874155 -0.693147180559945 -1.20397280432594
-0.693147180559945 -1.20397280432594 -0.693147180559945
0.832909122935104 0.587786664902119 0.405465108108164
5.29831736654804 5.99146454710798 5.99146454710798
5.29831736654804 4.27666611901606 5.3890717298165
5.29831736654804 3.71357206670431 5.7037824746562
-0.356674943938732 -0.693147180559945 -0.356674943938732
3.17805383034795 0 3.97029191355212
4.63860496207433 5.61130162186204 3.09557760852371
-0.693147180559945 -1.20397280432594 -1.20397280432594
3.71357206670431 2.70805020110221 4.00733318523247
0.182321556793955 0.0953101798043249 0.262364264467491
4.36944785246702 5.99146454710798 5.99146454710798
0.405465108108164 0.182321556793955 0.405465108108164
3.13549421592915 2.94443897916644 3.55534806148941
-0.916290731874155 -1.6094379124341 -1.20397280432594
-1.20397280432594 -0.693147180559945 0
-0.356674943938732 -0.356674943938732 -0.693147180559945
-0.916290731874155 -0.916290731874155 -0.693147180559945
-1.6094379124341 -1.20397280432594 -0.916290731874155
0.693147180559945 0 -0.356674943938732
3.92395157629342 2.85647020622048 3.73766961828337
-0.356674943938732 -0.916290731874155 -0.693147180559945
2.30258509299405 1.62924053973028 3.89182029811063
-1.20397280432594 -1.6094379124341 -0.693147180559945
2.39789527279837 5.03695260241363 5.99146454710798
5.29831736654804 4.43081679884331 5.99146454710798
3.91202300542815 0 4.81218435537242
2.06686275947298 2.39789527279837 3.13549421592915
-1.6094379124341 -1.6094379124341 -1.20397280432594
5.29831736654804 5.99146454710798 4.36944785246702
2.83321334405622 2.56494935746154 3.66356164612965
2.63905732961526 1.02961941718116 5.99146454710798
3.52636052461616 2.89037175789616 3.2188758248682
2.30258509299405 2.56494935746154 2.94443897916644
5.17048399503815 3.81990771652034 5.99146454710798
0.993251773010283 0.641853886172395 1.16315080980568
2.21920348405499 1.7227665977411 3.36729582998647
-0.693147180559945 -0.916290731874155 -0.510825623765991
-0.22314355131421 -0.22314355131421 -0.510825623765991
-1.6094379124341 -1.20397280432594 -0.693147180559945
-0.693147180559945 1.70474809223843 4.18965474202643
-2.30258509299405 -1.6094379124341 -1.20397280432594
0.641853886172395 1.64865862558738 4.82028156560504
5.29831736654804 4.88280192258637 5.99146454710798
5.29831736654804 5.99146454710798 5.99146454710798
5.29831736654804 5.99146454710798 5.99146454710798
5.29831736654804 5.99146454710798 5.99146454710798
0.641853886172395 1.45861502269952 5.99146454710798
-0.105360515657826 -0.916290731874155 -0.510825623765991
1.68639895357023 3.17805383034795 5.99146454710798
3.87120101090789 2.56494935746154 3.09104245335832
1.88706964903238 1.52605630349505 1.02961941718116
4.70953020131233 5.99146454710798 5.99146454710798
-1.6094379124341 -0.916290731874155 -0.916290731874155
0.470003629245736 0.0953101798043249 0.405465108108164
-2.30258509299405 -0.916290731874155 -0.916290731874155
-1.20397280432594 -0.916290731874155 -0.693147180559945
5.20948615284142 5.99146454710798 5.99146454710798
5.29831736654804 4.43081679884331 2.94443897916644
-0.916290731874155 -1.20397280432594 -0.693147180559945
5.01063529409626 4.47733681447821 5.48063892334199
-1.20397280432594 -0.916290731874155 -0.916290731874155
5.29831736654804 3.36729582998647 5.99146454710798
1.97408102602201 2.43361335540045 5.99146454710798
-2.30258509299405 5.99146454710798 5.99146454710798
5.29831736654804 1.38629436111989 5.99146454710798
3.36729582998647 3.3322045101752 4.27666611901606
2.39789527279837 2.30258509299405 3.17805383034795
0.741937344729377 0.182321556793955 0.470003629245736
4.26267987704132 1.38629436111989 5.99146454710798
-0.693147180559945 -0.693147180559945 -1.20397280432594
3.46573590279973 3.76120011569356 5.23644196282995
2.15176220325946 1.02961941718116 4.70048036579242
2.94443897916644 1.28093384546206 4.78749174278205
-1.6094379124341 999 -1.20397280432594
4.02535169073515 0.182321556793955 5.99146454710798
-2.30258509299405 -1.6094379124341 -1.6094379124341
1.80828877117927 3.53805656437935 3.52929738428947
999 999 0
2.05412373369555 2.24070968927596 2.77258872223978
0.405465108108164 2.2512917986065 2.26176309847379
999 999 0
-0.916290731874155 -1.20397280432594 -1.20397280432594
-1.20397280432594 -1.6094379124341 -0.916290731874155
1.25276296849537 0.405465108108164 1.22377543162212
999 999 0
999 999 0
2.39789527279837 -1.20397280432594 3.85227300102237
-1.6094379124341 -1.20397280432594 -0.916290731874155
-0.510825623765991 -0.916290731874155 -0.510825623765991
0 -0.693147180559945 -0.356674943938732
0.0953101798043249 -0.510825623765991 -0.356674943938732
-1.20397280432594 999 -0.356674943938732
0.336472236621213 0.741937344729377 0.78845736036427
-0.510825623765991 -0.356674943938732 0.182321556793955
0.0953101798043249 0.336472236621213 0.955511445027436
3.24649099190117 5.79909265446053 5.99146454710798
-0.356674943938732 0.262364264467491 1.50407739677627
-0.693147180559945 -0.916290731874155 -0.105360515657826
-0.916290731874155 1.45861502269952 4.44265125649032
0.741937344729377 4.33073334028633 5.99146454710798
-2.30258509299405 -1.6094379124341 -1.6094379124341
-1.20397280432594 -1.20397280432594 -1.20397280432594
5.29831736654804 4.56434819146784 5.99146454710798
0 0 -0.105360515657826
4.11087386417331 0.693147180559945 5.99146454710798
-1.20397280432594 -1.20397280432594 -0.916290731874155
3.71357206670431 3.43398720448515 3.52636052461616
-0.693147180559945 -0.693147180559945 -0.356674943938732
-0.916290731874155 -1.20397280432594 -1.20397280432594
-0.510825623765991 -0.356674943938732 0.405465108108164
0.78845736036427 0.405465108108164 1.22377543162212
-0.105360515657826 -0.356674943938732 -0.510825623765991
-1.6094379124341 -1.20397280432594 -0.916290731874155
-0.916290731874155 -1.20397280432594 -1.20397280432594
-0.916290731874155 2.23001440015921 5.99146454710798
0.78845736036427 1.48160454092422 2.19722457733622
-2.30258509299405 -1.6094379124341 -1.6094379124341
0.405465108108164 0 0
2.56494935746154 5.99146454710798 5.99146454710798
-0.356674943938732 -0.693147180559945 -0.510825623765991
-1.6094379124341 -1.20397280432594 -1.20397280432594
999 -1.6094379124341 -2.30258509299405
-2.30258509299405 -2.30258509299405 -1.20397280432594
2.2512917986065 5.99146454710798 5.99146454710798
0.336472236621213 -0.510825623765991 -0.22314355131421
0.916290731874155 4.20469261939097 5.99146454710798
0 -0.510825623765991 -0.22314355131421
2.30258509299405 1.90210752639692 1.54756250871601
-2.30258509299405 -1.6094379124341 -0.916290731874155
0.78845736036427 4.55387689160054 5.99146454710798
4.53259949315326 4.31748811353631 5.99146454710798
5.29831736654804 3.13549421592915 5.7037824746562
-1.20397280432594 -1.6094379124341 -1.6094379124341
-2.30258509299405 -1.6094379124341 -1.6094379124341
-1.6094379124341 -1.6094379124341 -0.916290731874155
5.24702407216049 5.48063892334199 5.48063892334199
-1.20397280432594 -1.6094379124341 -1.6094379124341
-1.6094379124341 -1.20397280432594 -0.916290731874155
5.29831736654804 3.29583686600433 5.7037824746562
4.70048036579242 5.99146454710798 5.7037824746562
-0.356674943938732 -0.356674943938732 -0.510825623765991
-0.22314355131421 4.67282883446191 5.99146454710798
0 -0.356674943938732 -0.105360515657826
0.0953101798043249 -0.356674943938732 -0.356674943938732
2.77258872223978 5.48063892334199 5.48063892334199
-0.916290731874155 1.30833281965018 5.48063892334199
2.21920348405499 2.26176309847379 3.25809653802148
-0.510825623765991 -1.6094379124341 -0.693147180559945
0.8754687373539 0.262364264467491 0.53062825106217
-1.20397280432594 999 -0.916290731874155
4.97673374242057 999 5.27299955856375
1.09861228866811 999 5.99146454710798
-0.510825623765991 999 -0.916290731874155
0.336472236621213 999 1.54756250871601
-1.6094379124341 999 -1.6094379124341
-1.6094379124341 999 -1.6094379124341
-1.6094379124341 -0.916290731874155 -0.693147180559945
0.955511445027436 0.0953101798043249 1.19392246847243
-0.510825623765991 -0.916290731874155 -0.916290731874155
-1.6094379124341 -0.693147180559945 0
0.0953101798043249 -0.510825623765991 -0.693147180559945
-0.356674943938732 -0.510825623765991 -0.510825623765991
5.08140436498446 1.66770682055808 5.99146454710798
5.29831736654804 5.59842195899838 5.99146454710798
2.07944154167984 5.99146454710798 5.7037824746562
-0.105360515657826 -0.510825623765991 -0.693147180559945
2.99573227355399 5.99146454710798 4.7361984483945
0.405465108108164 -0.105360515657826 0.0953101798043249
3.97029191355212 0.8754687373539 5.99146454710798
0 -0.356674943938732 -0.693147180559945
5.29831736654804 5.99146454710798 3.49650756146648
5.29831736654804 5.99146454710798 5.37063802812766
1.38629436111989 5.7037824746562 5.99146454710798
2.83321334405622 -0.693147180559945 3.95124371858143
-1.6094379124341 -1.6094379124341 -1.20397280432594
-0.916290731874155 -0.693147180559945 -0.693147180559945
-2.30258509299405 -1.6094379124341 -2.30258509299405
0.693147180559945 5.99146454710798 5.99146454710798
-0.693147180559945 -0.693147180559945 -0.356674943938732
-2.30258509299405 -1.6094379124341 -1.20397280432594
1.66770682055808 0.182321556793955 1.02961941718116
-2.30258509299405 -1.6094379124341 -2.30258509299405
999 -0.693147180559945 0
-0.916290731874155 -1.6094379124341 -1.6094379124341
2.484906649788 1.98787434815435 1.28093384546206
999 4.44265125649032 5.38449506278909
-0.510825623765991 -0.916290731874155 -0.693147180559945
-1.6094379124341 3.80666248977032 4.78749174278205
-1.20397280432594 -1.20397280432594 -0.356674943938732
-0.22314355131421 -0.693147180559945 -0.916290731874155
3.71357206670431 1.28093384546206 5.99146454710798
999 -0.510825623765991 -0.356674943938732
3.63758615972639 4.04305126783455 5.27299955856375
5.29831736654804 5.99146454710798 5.33271879326537
2.01490302054226 3.78418963391826 4.60517018598809
4.60517018598809 4.60517018598809 4.60517018598809
0.336472236621213 -0.105360515657826 -0.22314355131421
-0.916290731874155 -0.693147180559945 -0.510825623765991
3.8286413964891 2.99573227355399 3.76120011569356
0.78845736036427 0.182321556793955 0.262364264467491
999 2.39789527279837 3.25809653802148
0.182321556793955 -0.22314355131421 -0.510825623765991
-0.693147180559945 -0.916290731874155 -0.510825623765991
999 -1.20397280432594 -0.510825623765991
0.0953101798043249 -0.916290731874155 -0.916290731874155
5.29831736654804 5.99146454710798 5.6937321388027
2.17475172148416 2.99573227355399 4.7361984483945
1.56861591791385 1.09861228866811 3.46573590279973
-1.6094379124341 -1.20397280432594 -1.20397280432594
0.470003629245736 -0.22314355131421 0.405465108108164
-0.916290731874155 -1.20397280432594 -1.20397280432594
0.262364264467491 -0.22314355131421 -0.105360515657826
0.741937344729377 0 0.0953101798043249
0.405465108108164 -0.22314355131421 -0.22314355131421
-1.6094379124341 -1.6094379124341 -1.6094379124341
-2.30258509299405 -0.693147180559945 0.182321556793955
-0.356674943938732 -0.916290731874155 -0.916290731874155
-2.30258509299405 -1.6094379124341 -2.30258509299405
-0.510825623765991 -0.916290731874155 -0.510825623765991
-0.22314355131421 -0.22314355131421 -0.693147180559945
999 5.65494230923673 5.99146454710798
2.56494935746154 1.54756250871601 2.39789527279837
999 4.85203026391962 5.00394630594546
-1.20397280432594 -1.20397280432594 -0.510825623765991
-0.510825623765991 -0.356674943938732 -0.356674943938732
-1.6094379124341 5.71042701737487 5.99146454710798
-0.916290731874155 -0.693147180559945 -0.105360515657826
2.77258872223978 3.04452243772342 3.46573590279973
-0.356674943938732 -0.22314355131421 0.993251773010283
-1.20397280432594 -1.20397280432594 -0.916290731874155
3.29583686600433 2.77258872223978 3.52636052461616
-1.20397280432594 -1.6094379124341 -1.6094379124341
5.01727983681492 2.484906649788 5.99146454710798
4.57471097850338 2.12823170584927 5.99146454710798
-0.22314355131421 -0.510825623765991 0.53062825106217
-0.916290731874155 -0.916290731874155 -0.693147180559945
-0.693147180559945 -0.693147180559945 -0.356674943938732
-1.6094379124341 -1.6094379124341 -0.916290731874155
-0.693147180559945 2.2512917986065 5.04985600724954
-2.30258509299405 -1.20397280432594 0.0953101798043249
-1.6094379124341 -1.20397280432594 -0.916290731874155
-0.916290731874155 -0.916290731874155 -0.510825623765991
-0.510825623765991 -1.6094379124341 -1.6094379124341
0.405465108108164 0.470003629245736 1.1314021114911
-0.693147180559945 -1.20397280432594 -1.20397280432594
-1.6094379124341 -1.6094379124341 -1.6094379124341
0.470003629245736 -0.22314355131421 -0.356674943938732
0 -0.105360515657826 -0.105360515657826
-1.6094379124341 -1.20397280432594 -0.510825623765991
0.832909122935104 -0.105360515657826 0
-0.693147180559945 -0.356674943938732 -0.510825623765991
4.38202663467388 4.56434819146784 5.01727983681492
-2.30258509299405 -2.30258509299405 -1.20397280432594
-0.916290731874155 -0.916290731874155 -1.20397280432594
-1.6094379124341 -1.6094379124341 -0.916290731874155
-1.20397280432594 -1.6094379124341 -1.6094379124341
-1.6094379124341 -1.6094379124341 -0.916290731874155
1.91692261218206 2.56494935746154 3.78418963391826
5.04535873015464 4.29045944114839 5.28320372873799
0.262364264467491 -0.356674943938732 -0.22314355131421
-1.6094379124341 -2.30258509299405 -1.6094379124341
0 -1.20397280432594 -1.20397280432594
999 5.52146091786225 4.30406509320417
-0.693147180559945 -0.916290731874155 0.262364264467491
-0.510825623765991 -1.6094379124341 -0.916290731874155
-0.693147180559945 -0.916290731874155 -0.510825623765991
999 3.51452606696916 999
3.13549421592915 4.65396035015752 5.29831736654804
0 -0.510825623765991 -0.510825623765991
5.29831736654804 5.99146454710798 5.99146454710798
-1.20397280432594 -1.20397280432594 -1.20397280432594
5.02388052084628 1.3609765531356 5.99146454710798
-1.20397280432594 -1.6094379124341 -1.6094379124341
5.29831736654804 5.99146454710798 3.8286413964891
5.29831736654804 5.99146454710798 5.99146454710798
1.77495235091167 5.99146454710798 5.99146454710798
-0.105360515657826 -0.510825623765991 -0.105360515657826
0.693147180559945 0.262364264467491 -0.22314355131421
0 0.0953101798043249 0
0.641853886172395 -0.22314355131421 0.0953101798043249
-0.105360515657826 -0.22314355131421 0.0953101798043249
-0.105360515657826 -0.356674943938732 -0.22314355131421
0.741937344729377 0.182321556793955 0.182321556793955
-0.22314355131421 -0.105360515657826 -0.105360515657826
0.470003629245736 -0.22314355131421 -0.356674943938732
0.693147180559945 1.96009478404727 1.06471073699243
0 1.50407739677627 5.99146454710798
-1.20397280432594 -0.916290731874155 -0.693147180559945
1.19392246847243 0.587786664902119 0.8754687373539
-0.693147180559945 -0.916290731874155 -1.20397280432594
0.405465108108164 -0.510825623765991 -0.22314355131421
0.587786664902119 0 0.336472236621213
-2.30258509299405 -1.6094379124341 -2.30258509299405
0.405465108108164 -0.22314355131421 -0.22314355131421
0.262364264467491 -0.105360515657826 -0.105360515657826
0.182321556793955 -0.22314355131421 -0.22314355131421
0.182321556793955 -0.105360515657826 -0.22314355131421
2.98061863574394 4.61907309115708 5.99146454710798
-0.693147180559945 -0.693147180559945 -0.916290731874155
1.06471073699243 0.336472236621213 -0.356674943938732
0.336472236621213 -0.22314355131421 0.336472236621213
-0.510825623765991 -0.356674943938732 -0.105360515657826
0 -0.510825623765991 -0.693147180559945
2.91777073208428 1.64865862558738 2.05412373369555
4.54648118963941 3.19458313229916 3.8264651170665
0.262364264467491 -0.105360515657826 0.0953101798043249
-0.916290731874155 -0.693147180559945 -0.916290731874155
0.741937344729377 0.336472236621213 0.641853886172395
-0.510825623765991 -0.356674943938732 -0.693147180559945
-0.22314355131421 -0.510825623765991 -0.693147180559945
-0.916290731874155 -0.510825623765991 -0.510825623765991
1.33500106673234 0.587786664902119 1.25276296849537
-0.916290731874155 -1.20397280432594 -1.6094379124341
0.336472236621213 0.182321556793955 0.693147180559945
-0.510825623765991 0 -0.510825623765991
4.70953020131233 3.43398720448515 4.70048036579242
0.0953101798043249 -0.356674943938732 -0.22314355131421
4.60517018598809 4.60517018598809 4.60517018598809
0.8754687373539 0.0953101798043249 0.405465108108164
3.73766961828337 4.46590811865458 5.4380793089232
-1.20397280432594 -0.693147180559945 0
-0.693147180559945 -0.916290731874155 -0.693147180559945
-0.510825623765991 -0.510825623765991 -0.510825623765991
-0.916290731874155 -1.20397280432594 -1.20397280432594
0.0953101798043249 -0.22314355131421 0
-1.6094379124341 -1.20397280432594 -0.510825623765991
0.993251773010283 0.641853886172395 0.641853886172395
3.40119738166216 2.30258509299405 1.1314021114911
1.58923520511658 1.6094379124341 2.45100509811232
3.95124371858143 3.25809653802148 4.00733318523247
1.6094379124341 0.53062825106217 4.15888308335967
0.262364264467491 0.53062825106217 1.09861228866811
3.55534806148941 1.09861228866811 5.08140436498446
2.19722457733622 4.69134788222914 5.99146454710798
-0.693147180559945 2.02814824729229 4.31748811353631
-0.916290731874155 3.85014760171006 5.32787616878958
0.693147180559945 4.81218435537242 5.99146454710798
0.336472236621213 5.99146454710798 5.99146454710798
5.29831736654804 3.43398720448515 5.99146454710798
3.61091791264422 5.36129216570943 5.99146454710798
4.06044301054642 3.13549421592915 3.66356164612965
5.29831736654804 3.2188758248682 5.99146454710798
5.29831736654804 5.99146454710798 5.99146454710798
-0.916290731874155 1.94591014905531 4.56434819146784
-1.20397280432594 4.02535169073515 5.25227342804663
-2.30258509299405 5.01063529409626 5.87493073085203
1.79175946922805 5.7037824746562 5.99146454710798
-2.30258509299405 5.13579843705026 5.13579843705026
5.29831736654804 5.59842195899838 5.99146454710798
2.99573227355399 2.484906649788 5.99146454710798
-2.30258509299405 -0.693147180559945 1.09861228866811
1.09861228866811 2.07944154167984 5.99146454710798
1.09861228866811 1.09861228866811 2.07944154167984
-1.6094379124341 0.693147180559945 1.09861228866811
2.63905732961526 5.11799381241676 5.01063529409626
0 0 0
4.31748811353631 5.01063529409626 5.99146454710798
5.24702407216049 5.59842195899838 5.99146454710798
3.97029191355212 0 0.693147180559945
5.24702407216049 1.6094379124341 5.10594547390058
5.24702407216049 1.94591014905531 5.99146454710798
5.24702407216049 5.99146454710798 4.23410650459726
0 5.59842195899838 5.99146454710798
-2.30258509299405 -1.20397280432594 -0.916290731874155
0.405465108108164 0.182321556793955 0.405465108108164
-2.30258509299405 5.59842195899838 5.99146454710798
0 2.07944154167984 4.31748811353631
0 3.85014760171006 5.7037824746562
0 0 0
0.693147180559945 2.39789527279837 2.94443897916644
1.6094379124341 0.693147180559945 4.15888308335967
3.04452243772342 0 5.99146454710798
3.55534806148941 1.09861228866811 5.08140436498446
-0.693147180559945 -0.356674943938732 -0.693147180559945
-0.693147180559945 -0.510825623765991 -0.693147180559945
0 0 0
3.85014760171006 3.25809653802148 5.14166355650266
0 0.262364264467491 0.0953101798043249
1.3609765531356 1.22377543162212 0.741937344729377
3.29583686600433 2.94443897916644 2.77258872223978
2.31253542384721 5.89989735358249 5.99146454710798
0.741937344729377 0.262364264467491 0.470003629245736
3.17805383034795 3.03013370027132 3.88362353090645
4.67749084756772 3.45315712059287 4.54542018158232
-1.6094379124341 -1.6094379124341 -0.693147180559945
-2.30258509299405 -1.6094379124341 -1.20397280432594
1.02961941718116 0.405465108108164 0.336472236621213
0.262364264467491 3.45315712059287 5.99146454710798
-2.30258509299405 -0.693147180559945 -0.22314355131421
-2.30258509299405 0.405465108108164 3.01062088604774
-1.6094379124341 -1.6094379124341 -0.916290731874155
-0.510825623765991 -0.916290731874155 -0.22314355131421
0.470003629245736 0 0.0953101798043249
-1.6094379124341 -1.20397280432594 0.262364264467491
4.15888308335967 1.38629436111989 5.94515879423147
1.7227665977411 5.59842195899838 5.99146454710798
-2.30258509299405 5.59842195899838 5.99146454710798
-0.22314355131421 -0.356674943938732 -0.105360515657826
0.993251773010283 0.405465108108164 0.832909122935104
0.262364264467491 -0.105360515657826 -0.22314355131421
0.587786664902119 0.587786664902119 0.78845736036427
0 -0.510825623765991 -0.916290731874155
2.94443897916644 -0.510825623765991 5.99146454710798
2.39789527279837 5.99146454710798 5.99146454710798
3.55534806148941 5.99146454710798 5.7037824746562
-1.20397280432594 -1.6094379124341 -1.20397280432594
0.53062825106217 2.39789527279837 5.29831736654804
5.29831736654804 5.99146454710798 5.99146454710798
1.25276296849537 2.99573227355399 5.7037824746562
1.02961941718116 0.470003629245736 0.53062825106217
3.43398720448515 5.99146454710798 5.7037824746562
-0.916290731874155 -1.6094379124341 -1.20397280432594
5.16478597392351 2.30258509299405 5.99146454710798
1.7227665977411 4.99721227376411 5.99146454710798
0.182321556793955 -0.356674943938732 0.470003629245736
4.31748811353631 3.29583686600433 4.11087386417331
-0.916290731874155 -1.20397280432594 -0.356674943938732
1.09861228866811 0.262364264467491 0.262364264467491
-1.20397280432594 -1.20397280432594 -0.693147180559945
2.72785282839839 5.30479633264575 5.99146454710798
-2.30258509299405 -2.30258509299405 -1.20397280432594
0 2.30258509299405 5.99146454710798
3.42751468997953 2.9704144655697 3.75185425327532
4.14472076954717 3.41444260841218 3.94739014926544
-1.20397280432594 -1.20397280432594 -0.693147180559945
-2.30258509299405 -1.6094379124341 -2.30258509299405
0.336472236621213 -0.356674943938732 -0.22314355131421
5.19295685089021 5.19295685089021 4.58496747867057
5.19295685089021 5.19295685089021 4.35670882668959
-0.510825623765991 1.25276296849537 5.19295685089021
-0.105360515657826 1.30833281965018 3.40119738166216
1.75785791755237 0.8754687373539 1.22377543162212
-0.510825623765991 -0.916290731874155 -1.20397280432594
-0.105360515657826 -0.510825623765991 -0.693147180559945
-0.693147180559945 -0.916290731874155 -0.510825623765991
-0.916290731874155 -1.20397280432594 -0.693147180559945
0.53062825106217 -0.105360515657826 0.182321556793955
3.55534806148941 0.8754687373539 5.99146454710798
-0.916290731874155 -0.510825623765991 -0.105360515657826
5.29831736654804 5.99146454710798 5.99146454710798
-0.510825623765991 -0.693147180559945 -0.916290731874155
-2.30258509299405 0.916290731874155 3.98898404656427
3.17805383034795 3.71357206670431 5.99146454710798
2.83321334405622 2.39789527279837 2.30258509299405
2.94443897916644 1.38629436111989 3.52636052461616
5.29831736654804 3.46573590279973 5.29831736654804
1.09861228866811 0.405465108108164 0.693147180559945
0.53062825106217 -0.105360515657826 0.336472236621213
5.29831736654804 5.29831736654804 5.29831736654804
0.405465108108164 -0.22314355131421 -0.105360515657826
4.07753744390572 5.99146454710798 2.484906649788
-1.20397280432594 -1.6094379124341 -1.20397280432594
3.73766961828337 5.99146454710798 2.94443897916644
-0.356674943938732 -0.510825623765991 -0.105360515657826
-0.510825623765991 -0.356674943938732 0.182321556793955
0.405465108108164 -0.356674943938732 -0.22314355131421
0.182321556793955 0 -0.356674943938732
2.30258509299405 0.8754687373539 1.6094379124341
1.75785791755237 2.01490302054226 3.09104245335832
-1.6094379124341 -0.916290731874155 -0.693147180559945
4.64439089914137 2.83321334405622 3.97029191355212
4.14313472639153 3.46573590279973 5.99146454710798
4.47733681447821 4.24849524204936 5.32300997913841
0.470003629245736 0 0.405465108108164
2.30258509299405 1.62924053973028 2.484906649788
2.39789527279837 3.61091791264422 4.69134788222914
2.83321334405622 3.04452243772342 4.85203026391962
1.22377543162212 0.693147180559945 0.993251773010283
0.693147180559945 -0.105360515657826 0.182321556793955
5.29831736654804 3.04452243772342 5.99146454710798
0.8754687373539 3.91202300542815 5.99146454710798
-0.916290731874155 -1.6094379124341 -1.20397280432594
5.29831736654804 4.29045944114839 5.27811465923052
5.29831736654804 4.04305126783455 5.13579843705026
2.30258509299405 3.73766961828337 4.39444915467244
5.29831736654804 2.56494935746154 5.99146454710798
-2.30258509299405 2.2512917986065 4.92725368515721
-0.22314355131421 -0.510825623765991 -0.356674943938732
5.29831736654804 4.81218435537242 5.99146454710798
3.43398720448515 2.30258509299405 3.46573590279973
0.182321556793955 0.182321556793955 0.405465108108164
0 -0.356674943938732 -0.510825623765991
0.182321556793955 -0.105360515657826 -0.356674943938732
2.484906649788 5.14166355650266 5.99146454710798
2.484906649788 2.484906649788 3.40119738166216
-1.20397280432594 -0.693147180559945 -0.356674943938732
4.59511985013459 0 4.66343909411207
3.87120101090789 2.56494935746154 3.85014760171006
2.00148000021012 3.8286413964891 5.99146454710798
0.470003629245736 0.0953101798043249 0.182321556793955
0.53062825106217 0 0.182321556793955
3.29583686600433 5.50125821054473 5.99146454710798
0 0.0953101798043249 -0.356674943938732
0 0.262364264467491 0.53062825106217
0.405465108108164 -0.105360515657826 -0.356674943938732
5.29831736654804 5.99146454710798 4.20469261939097
3.09104245335832 3.40119738166216 3.91202300542815
0.955511445027436 0.182321556793955 0.470003629245736
4.55387689160054 5.99146454710798 3.85014760171006
3.87120101090789 4.60517018598809 4.74493212836325
2.99573227355399 1.94591014905531 2.63905732961526
-0.916290731874155 -0.693147180559945 -0.693147180559945
1.19392246847243 0.693147180559945 0.470003629245736
3.04452243772342 -0.510825623765991 3.66356164612965
-2.30258509299405 1.97408102602201 4.63472898822964
0.262364264467491 -0.356674943938732 -0.356674943938732
0.641853886172395 0.182321556793955 0.182321556793955
0.336472236621213 -0.22314355131421 0
3.68887945411394 2.94443897916644 3.87120101090789
-0.693147180559945 -1.6094379124341 -1.20397280432594
-1.6094379124341 -1.6094379124341 -2.30258509299405
0.182321556793955 0.0953101798043249 0.693147180559945
-0.510825623765991 -0.693147180559945 -0.693147180559945
-0.356674943938732 -0.356674943938732 -0.105360515657826
0 -0.510825623765991 -0.22314355131421
-1.20397280432594 -0.916290731874155 -0.356674943938732
0.405465108108164 0.262364264467491 0.741937344729377
0.693147180559945 0.262364264467491 0.0953101798043249
0.78845736036427 0.641853886172395 1.16315080980568
-0.510825623765991 -0.510825623765991 -0.22314355131421
0.53062825106217 0.0953101798043249 0.262364264467491
0.182321556793955 -0.356674943938732 0.262364264467491
-0.916290731874155 -1.6094379124341 -0.356674943938732
-0.693147180559945 -0.916290731874155 -1.6094379124341
-0.693147180559945 -1.6094379124341 0
-0.510825623765991 -0.916290731874155 -0.693147180559945
-1.20397280432594 -1.20397280432594 -0.693147180559945
0.336472236621213 -0.356674943938732 0.182321556793955
0.641853886172395 0 1.1314021114911
-0.510825623765991 -0.916290731874155 -0.693147180559945
0.336472236621213 0.182321556793955 0.0953101798043249
-0.510825623765991 -0.693147180559945 0.0953101798043249
0.405465108108164 -0.22314355131421 0.182321556793955
-0.22314355131421 -0.693147180559945 -0.510825623765991
-0.22314355131421 -0.693147180559945 -0.916290731874155
0.0953101798043249 -0.356674943938732 -0.105360515657826
-0.916290731874155 -0.916290731874155 -0.916290731874155
0.0953101798043249 -0.22314355131421 -0.22314355131421
-0.356674943938732 -0.916290731874155 -0.693147180559945
-0.22314355131421 -0.693147180559945 -0.916290731874155
0.470003629245736 -0.105360515657826 -0.105360515657826
-0.693147180559945 -0.693147180559945 -0.105360515657826
-0.510825623765991 -0.916290731874155 -0.356674943938732
0.741937344729377 0.0953101798043249 0.641853886172395
-0.916290731874155 -0.916290731874155 -0.105360515657826
-0.22314355131421 -0.510825623765991 0.0953101798043249
-0.105360515657826 -0.510825623765991 0
0.0953101798043249 -0.105360515657826 -0.105360515657826
0.0953101798043249 -0.510825623765991 -0.693147180559945
0.641853886172395 0.336472236621213 0.405465108108164
-0.510825623765991 -0.510825623765991 -0.105360515657826
-0.105360515657826 -0.693147180559945 0
-0.510825623765991 -1.20397280432594 -0.693147180559945
-0.510825623765991 -0.693147180559945 -0.916290731874155
-1.6094379124341 -1.6094379124341 -1.20397280432594
0.262364264467491 -0.22314355131421 -0.105360515657826
0.182321556793955 0.0953101798043249 1.1314021114911
-0.105360515657826 -0.693147180559945 -0.693147180559945
-0.105360515657826 -0.510825623765991 -0.356674943938732
-2.30258509299405 -1.6094379124341 -1.20397280432594
-0.105360515657826 0 0.0953101798043249
-0.510825623765991 -0.510825623765991 0
-0.22314355131421 -0.510825623765991 0.336472236621213
-0.105360515657826 -0.916290731874155 -0.356674943938732
-1.20397280432594 -1.6094379124341 -1.6094379124341
-0.693147180559945 -0.916290731874155 -0.916290731874155
0.182321556793955 -0.693147180559945 -0.22314355131421
1.06471073699243 0.53062825106217 0.587786664902119
-1.6094379124341 -1.20397280432594 -0.916290731874155
-0.916290731874155 -0.510825623765991 -0.356674943938732
-0.22314355131421 -0.693147180559945 -1.20397280432594
-0.510825623765991 -0.693147180559945 -0.510825623765991
0.262364264467491 -0.693147180559945 -0.916290731874155
0.0953101798043249 -0.356674943938732 0
-0.916290731874155 -0.916290731874155 -0.356674943938732
0.262364264467491 0 0.78845736036427
-0.105360515657826 -0.693147180559945 -0.916290731874155
0.955511445027436 0.262364264467491 0.587786664902119
-0.22314355131421 -0.510825623765991 -0.693147180559945
-1.20397280432594 -0.916290731874155 -0.916290731874155
-0.693147180559945 -0.693147180559945 -0.510825623765991
-1.20397280432594 -0.916290731874155 -0.693147180559945
-0.105360515657826 -0.356674943938732 -0.22314355131421
0.53062825106217 -0.510825623765991 0.262364264467491
0 -0.693147180559945 0.262364264467491
0.262364264467491 -0.22314355131421 -0.510825623765991
5.29831736654804 5.09375020080676 5.99146454710798
0.641853886172395 0.182321556793955 0.0953101798043249
3.04452243772342 -0.510825623765991 4.11087386417331
5.29831736654804 5.99146454710798 4.23410650459726
-0.22314355131421 -0.510825623765991 0
0.0953101798043249 -0.356674943938732 -0.693147180559945
4.78749174278205 5.99146454710798 5.7037824746562
3.29583686600433 2.56494935746154 3.3322045101752
0.693147180559945 0.182321556793955 0.587786664902119
2.00148000021012 5.99146454710798 5.99146454710798
2.77258872223978 1.98787434815435 2.19722457733622
-0.356674943938732 -0.916290731874155 -0.916290731874155
-0.510825623765991 -0.693147180559945 -0.693147180559945
0 0.336472236621213 1.98787434815435
-0.916290731874155 0.336472236621213 1.30833281965018
0.262364264467491 -0.105360515657826 -0.105360515657826
3.76120011569356 5.99146454710798 5.99146454710798
5.29831736654804 3.76120011569356 4.82028156560504
2.99573227355399 -0.693147180559945 5.99146454710798
-1.20397280432594 2.39789527279837 5.99146454710798
3.71357206670431 1.98787434815435 5.99146454710798
2.63905732961526 2.99573227355399 4.00733318523247
3.04452243772342 3.3322045101752 4.33073334028633
-2.30258509299405 -1.6094379124341 -2.30258509299405
5.29831736654804 1.79175946922805 5.99146454710798
-1.6094379124341 -1.20397280432594 -1.6094379124341
3.78418963391826 3.36729582998647 4.02535169073515
-0.916290731874155 -0.916290731874155 -0.916290731874155
3.89182029811063 0.262364264467491 4.48863636973214
2.99573227355399 0.955511445027436 1.79175946922805
-0.916290731874155 -0.693147180559945 -0.510825623765991
3.13549421592915 5.52146091786225 5.99146454710798
-0.510825623765991 -0.916290731874155 -1.20397280432594
-0.510825623765991 -1.20397280432594 -0.693147180559945
-0.693147180559945 -0.356674943938732 0.0953101798043249
3.25809653802148 3.17805383034795 4.48863636973214
1.85629799036563 1.54756250871601 1.1314021114911
0 0.0953101798043249 0.405465108108164
0 -0.105360515657826 0.470003629245736
3.49650756146648 3.36729582998647 4.4188406077966
0.262364264467491 -0.510825623765991 -0.105360515657826
-2.30258509299405 -1.6094379124341 -0.510825623765991
2.30258509299405 -0.105360515657826 4.83628190695148
-0.105360515657826 -0.510825623765991 -0.510825623765991
-0.916290731874155 -0.916290731874155 -0.22314355131421
-0.916290731874155 -1.20397280432594 -1.6094379124341
0.0953101798043249 -0.22314355131421 0.0953101798043249
-1.20397280432594 -1.20397280432594 -0.693147180559945
-1.6094379124341 -1.6094379124341 -1.20397280432594
1.22377543162212 -1.20397280432594 2.89037175789616
0.641853886172395 -0.105360515657826 0.336472236621213
4.36944785246702 3.17805383034795 3.93182563272433
-0.356674943938732 -0.356674943938732 -0.105360515657826
4.78749174278205 3.46573590279973 4.33073334028633
0.182321556793955 0 0
5.17614973257383 5.68357976733868 3.85014760171006
0.0953101798043249 -0.22314355131421 -0.22314355131421
0.78845736036427 5.99146454710798 5.99146454710798
4.51085950651685 4.21950770517611 4.54329478227
-1.6094379124341 -1.6094379124341 -1.6094379124341
4.31748811353631 2.16332302566054 3.2188758248682
5.29831736654804 5.99146454710798 5.7037824746562
-2.30258509299405 -1.20397280432594 -1.6094379124341
4.55387689160054 3.13549421592915 4.44265125649032
-0.693147180559945 -0.693147180559945 -1.20397280432594
4.67282883446191 2.56494935746154 3.68887945411394
5.29831736654804 3.04452243772342 5.99146454710798
1.45861502269952 5.99146454710798 5.99146454710798
0.470003629245736 0.741937344729377 1.06471073699243
3.09104245335832 3.73766961828337 5.99146454710798
1.96009478404727 1.58923520511658 3.36729582998647
-1.20397280432594 -1.20397280432594 -1.20397280432594
5.29831736654804 5.99146454710798 5.99146454710798
0.832909122935104 0.336472236621213 0.182321556793955
1.16315080980568 5.99146454710798 5.99146454710798
-0.22314355131421 -0.22314355131421 -0.22314355131421
2.83321334405622 0.916290731874155 5.01063529409626
0.182321556793955 0 0
-1.20397280432594 -1.20397280432594 -0.510825623765991
3.76120011569356 5.99146454710798 5.7037824746562
3.76120011569356 5.99146454710798 5.7037824746562
-1.6094379124341 -1.6094379124341 -1.6094379124341
0.0953101798043249 -0.356674943938732 -0.22314355131421
1.28093384546206 0.641853886172395 0.587786664902119
5.29831736654804 5.99146454710798 5.7037824746562
5.29831736654804 2.56494935746154 5.7037824746562
1.7404661748405 5.99146454710798 5.7037824746562
3.66356164612965 0.0953101798043249 4.70048036579242
3.61091791264422 2.484906649788 3.2188758248682
1.16315080980568 1.28093384546206 1.82454929205105
-2.30258509299405 -1.6094379124341 -1.6094379124341
0.916290731874155 0.336472236621213 0.470003629245736
5.29831736654804 4.06044301054642 5.7037824746562
5.29831736654804 1.52605630349505 5.7037824746562
3.71357206670431 1.98787434815435 5.7037824746562
-1.20397280432594 -0.510825623765991 0.78845736036427
5.29831736654804 5.7037824746562 5.7037824746562
5.29831736654804 3.68887945411394 5.7037824746562
0.741937344729377 2.99573227355399 5.7037824746562
0.955511445027436 4.18965474202643 5.7037824746562
