5.29831736654804 2.12823170584927 4.07753744390572 1.68639895357023 1.19392246847243 0.53062825106217
5.29831736654804 2.15176220325946 2.34180580614733 0.53062825106217 0.641853886172395 999
5.29831736654804 2.99573227355399 5.56452040732269 2.39789527279837 3.13549421592915 0.8754687373539
0.470003629245736 0.955511445027436 5.40267738187228 0.955511445027436 -0.105360515657826 0.587786664902119
5.29831736654804 2.04122032885964 4.11087386417331 1.3609765531356 0.8754687373539 0.832909122935104
5.29831736654804 2.18605127673809 5.63478960316925 1.41098697371026 0.955511445027436 0.993251773010283
5.29831736654804 2.67414864942653 5.7261960694931 1.85629799036563 0.993251773010283 999
5.29831736654804 1.90210752639692 1.87180217690159 0.470003629245736 0.336472236621213 999
5.29831736654804 2.14006616349627 2.64617479738412 0.53062825106217 0.53062825106217 999
5.29831736654804 1.7227665977411 0.955511445027436 0.641853886172395 0.78845736036427 999
1.52605630349505 1.90210752639692 5.82982758150686 1.09861228866811 0.587786664902119 999
5.29831736654804 1.58923520511658 1.96009478404727 0.916290731874155 0.53062825106217 -0.105360515657826
5.29831736654804 3.37758751602302 5.99146454710798 2.31253542384721 1.41098697371026 999
5.29831736654804 1.88706964903238 2.01490302054226 0.262364264467491 0.470003629245736 999
5.29831736654804 1.70474809223843 2.10413415427021 0.741937344729377 0.470003629245736 999
5.29831736654804 1.75785791755237 2.09186406167839 0.693147180559945 0.693147180559945 999
5.29831736654804 2.04122032885964 4.93447393313069 1.06471073699243 0.587786664902119 0.916290731874155
5.29831736654804 1.66770682055808 3.3322045101752 0.832909122935104 0.53062825106217 999
5.29831736654804 1.70474809223843 3.38099467434464 0.693147180559945 0.405465108108164 999
5.29831736654804 1.66770682055808 2.39789527279837 0.53062825106217 0.470003629245736 0.182321556793955
5.29831736654804 2.484906649788 5.99146454710798 1.97408102602201 0.8754687373539 1.30833281965018
5.29831736654804 1.80828877117927 2.77258872223978 0.741937344729377 0.641853886172395 0.262364264467491
5.29831736654804 1.97408102602201 4.43319492124828 1.66770682055808 0.993251773010283 999
5.29831736654804 1.45861502269952 1.3609765531356 0.336472236621213 0.182321556793955 999
4.48863636973214 2.99573227355399 5.99146454710798 2.99573227355399 3.3322045101752 2.39789527279837
5.29831736654804 1.02961941718116 -0.693147180559945 0 0.405465108108164 -0.510825623765991
5.29831736654804 2.04122032885964 2.06686275947298 0.832909122935104 0.587786664902119 999
5.29831736654804 2.29253475714054 4.61015772749913 1.3609765531356 0.741937344729377 999
5.29831736654804 1.96009478404727 -0.22314355131421 0.262364264467491 0.641853886172395 999
5.29831736654804 1.77495235091167 0.641853886172395 0.262364264467491 0.53062825106217 999
0.693147180559945 0.53062825106217 2.09186406167839 -0.105360515657826 0.0953101798043249 0.182321556793955
5.29831736654804 1.33500106673234 -1.20397280432594 -0.356674943938732 0.470003629245736 -0.510825623765991
5.29831736654804 1.22377543162212 2.39789527279837 0.916290731874155 0.587786664902119 0.262364264467491
5.29831736654804 1.52605630349505 1.64865862558738 0.832909122935104 0.336472236621213 0.182321556793955
5.29831736654804 1.56861591791385 0.641853886172395 0.693147180559945 0.53062825106217 -0.22314355131421
5.29831736654804 2.99573227355399 5.99146454710798 2.39789527279837 2.70805020110221 999
0.53062825106217 0.262364264467491 0.336472236621213 0.262364264467491 0.0953101798043249 -0.510825623765991
0.916290731874155 0.916290731874155 0.470003629245736 0.405465108108164 0.470003629245736 -0.356674943938732
-0.22314355131421 -0.510825623765991 -0.356674943938732 -0.22314355131421 -0.105360515657826 -0.510825623765991
5.29831736654804 1.02961941718116 -0.105360515657826 -0.22314355131421 0.262364264467491 -0.356674943938732
5.29831736654804 1.52605630349505 -0.510825623765991 0 0.470003629245736 999
1.28093384546206 1.33500106673234 5.99146454710798 0.832909122935104 0.405465108108164 1.64865862558738
1.41098697371026 1.43508452528932 5.99146454710798 0.955511445027436 0.53062825106217 2.09186406167839
5.29831736654804 1.09861228866811 -0.510825623765991 0.182321556793955 0.336472236621213 -0.916290731874155
0.336472236621213 0.0953101798043249 3.3322045101752 0 -0.22314355131421 0.641853886172395
0.587786664902119 0.405465108108164 1.96009478404727 0.182321556793955 0.0953101798043249 0.0953101798043249
5.29831736654804 2.04122032885964 0.993251773010283 0.8754687373539 0.78845736036427 999
5.29831736654804 1.33500106673234 -0.510825623765991 -0.105360515657826 0.470003629245736 999
5.29831736654804 1.91692261218206 0.8754687373539 0.587786664902119 0.832909122935104 -0.510825623765991
1.09861228866811 0.78845736036427 1.62924053973028 0.741937344729377 0.262364264467491 999
5.29831736654804 2.09186406167839 1.54756250871601 0.587786664902119 0.53062825106217 999
0.8754687373539 1.58923520511658 5.17614973257383 1.06471073699243 0.470003629245736 0.78845736036427
5.29831736654804 2.56494935746154 5.605802066296 1.68639895357023 1.28093384546206 0.693147180559945
5.29831736654804 1.6094379124341 1.28093384546206 0.470003629245736 0.470003629245736 0.182321556793955
5.29831736654804 1.48160454092422 -0.916290731874155 -0.22314355131421 -0.105360515657826 -0.916290731874155
0.405465108108164 0.955511445027436 3.76120011569356 0.587786664902119 0.53062825106217 999
1.87180217690159 1.52605630349505 -0.916290731874155 0.0953101798043249 1.87180217690159 0
5.29831736654804 2.00148000021012 3.17805383034795 1.41098697371026 0.741937344729377 0.405465108108164
5.29831736654804 1.87180217690159 2.04122032885964 0.405465108108164 0.53062825106217 0.0953101798043249
0.78845736036427 1.64865862558738 1.90210752639692 1.68639895357023 1.66770682055808 -0.105360515657826
5.29831736654804 1.70474809223843 1.1314021114911 0.587786664902119 0.587786664902119 -0.22314355131421
5.29831736654804 1.91692261218206 3.49650756146648 0.832909122935104 0.641853886172395 0.336472236621213
5.29831736654804 1.58923520511658 -1.6094379124341 -0.356674943938732 0.693147180559945 -1.20397280432594
0.0953101798043249 -0.105360515657826 -0.510825623765991 0 0.182321556793955 -0.22314355131421
-0.22314355131421 -0.105360515657826 2.01490302054226 -0.22314355131421 -0.105360515657826 0.336472236621213
5.29831736654804 2.56494935746154 5.605802066296 1.68639895357023 1.28093384546206 0.693147180559945
0.0953101798043249 -0.22314355131421 -0.105360515657826 -0.22314355131421 -0.105360515657826 999
0.0953101798043249 0 -1.20397280432594 -0.22314355131421 0 -0.356674943938732
0 0.405465108108164 0.405465108108164 0.262364264467491 0.182321556793955 999
5.29831736654804 1.7404661748405 -1.20397280432594 0.182321556793955 0.693147180559945 999
1.97408102602201 1.88706964903238 5.99146454710798 1.43508452528932 0.470003629245736 1.77495235091167
1.09861228866811 1.6094379124341 2.2512917986065 1.96009478404727 2.09186406167839 0.336472236621213
5.29831736654804 1.66770682055808 0.993251773010283 0.182321556793955 0.832909122935104 -0.22314355131421
5.29831736654804 1.1314021114911 -0.693147180559945 -0.510825623765991 0.262364264467491 -0.916290731874155
5.29831736654804 1.38629436111989 0.955511445027436 0.182321556793955 0.336472236621213 -0.356674943938732
1.82454929205105 1.50407739677627 5.99146454710798 0.8754687373539 0.470003629245736 1.6094379124341
5.29831736654804 1.85629799036563 1.58923520511658 0.78845736036427 0.470003629245736 0
1.22377543162212 1.80828877117927 5.99146454710798 0.955511445027436 0.405465108108164 1.28093384546206
1.19392246847243 1.87180217690159 3.68887945411394 2.2512917986065 2.21920348405499 0.182321556793955
5.29831736654804 1.94591014905531 4.34380542185368 0.993251773010283 0.741937344729377 999
5.29831736654804 1.43508452528932 0.405465108108164 0.182321556793955 0.262364264467491 -0.105360515657826
5.29831736654804 1.88706964903238 3.98898404656427 1.16315080980568 0.693147180559945 0.693147180559945
5.29831736654804 1.93152141160321 2.29253475714054 0.693147180559945 0.587786664902119 0.182321556793955
5.29831736654804 1.52605630349505 -0.356674943938732 0 0.641853886172395 -0.916290731874155
5.29831736654804 0.470003629245736 -0.693147180559945 -0.510825623765991 0.336472236621213 -0.916290731874155
5.29831736654804 0.405465108108164 0.587786664902119 -0.105360515657826 -0.356674943938732 -0.22314355131421
5.29831736654804 1.84054963339749 2.70805020110221 0.587786664902119 0.641853886172395 0.182321556793955
1.98787434815435 2.89037175789616 5.99146454710798 2.77258872223978 1.56861591791385 999
1.48160454092422 1.25276296849537 5.99146454710798 0.993251773010283 0.405465108108164 1.3609765531356
0 -0.510825623765991 -1.6094379124341 -0.916290731874155 -0.356674943938732 -0.916290731874155
5.29831736654804 0.993251773010283 -0.916290731874155 -0.22314355131421 0.262364264467491 999
5.29831736654804 1.70474809223843 2.89037175789616 0.8754687373539 0.470003629245736 0.693147180559945
1.3609765531356 1.66770682055808 5.37759054744254 1.43508452528932 0.587786664902119 999
5.29831736654804 1.7227665977411 0.53062825106217 0.693147180559945 0.470003629245736 999
-0.22314355131421 -0.22314355131421 0.336472236621213 0 -0.105360515657826 999
2.30258509299405 1.98787434815435 5.99146454710798 1.96009478404727 0.8754687373539 1.80828877117927
-0.105360515657826 -0.22314355131421 -0.693147180559945 -0.22314355131421 0 -0.356674943938732
5.29831736654804 2.04122032885964 1.48160454092422 0.53062825106217 0.405465108108164 999
0.336472236621213 0.0953101798043249 -0.22314355131421 0.182321556793955 0.0953101798043249 0.0953101798043249
1.96009478404727 1.94591014905531 5.55682806169954 1.48160454092422 0.8754687373539 999
5.29831736654804 1.09861228866811 -0.105360515657826 -0.105360515657826 0 -0.693147180559945
0.53062825106217 0.8754687373539 3.3322045101752 0.53062825106217 0.336472236621213 0.53062825106217
1.56861591791385 0.470003629245736 3.17805383034795 0.587786664902119 0.336472236621213 999
5.29831736654804 0.78845736036427 0.0953101798043249 -0.356674943938732 0.405465108108164 999
0.336472236621213 0.832909122935104 3.73766961828337 0.693147180559945 0 999
0.587786664902119 0.993251773010283 5.71373280550937 0.693147180559945 0.0953101798043249 1.1314021114911
5.29831736654804 1.56861591791385 2.02814824729229 0.405465108108164 0.53062825106217 0
1.28093384546206 0.53062825106217 1.97408102602201 0.405465108108164 0.0953101798043249 999
5.29831736654804 2.39789527279837 4.9416424226093 1.43508452528932 0.8754687373539 0.78845736036427
5.29831736654804 0.8754687373539 -0.356674943938732 -0.356674943938732 0.405465108108164 999
-0.693147180559945 -0.693147180559945 0 -0.356674943938732 -0.356674943938732 -0.356674943938732
5.29831736654804 1.56861591791385 -0.693147180559945 -0.22314355131421 0.405465108108164 999
5.29831736654804 2.30258509299405 4.45434729625351 1.09861228866811 0.587786664902119 0.470003629245736
-0.105360515657826 -0.22314355131421 -0.105360515657826 0.0953101798043249 0 -0.22314355131421
0 -0.105360515657826 -0.105360515657826 0 0.0953101798043249 999
5.29831736654804 1.62924053973028 1.48160454092422 0.405465108108164 0.470003629245736 999
5.29831736654804 1.28093384546206 0.53062825106217 0.0953101798043249 0.405465108108164 -0.356674943938732
5.29831736654804 1.30833281965018 2.484906649788 0.405465108108164 0.336472236621213 0.262364264467491
1.88706964903238 2.07944154167984 3.66356164612965 2.18605127673809 1.85629799036563 999
5.29831736654804 1.70474809223843 2.2082744135228 0.916290731874155 0.641853886172395 999
-0.105360515657826 0.262364264467491 2.2082744135228 0.470003629245736 -0.105360515657826 -0.105360515657826
1.41098697371026 1.54756250871601 4.45434729625351 1.06471073699243 0.405465108108164 999
5.29831736654804 3.09104245335832 5.99146454710798 2.19722457733622 1.19392246847243 1.43508452528932
0.262364264467491 0 -0.916290731874155 -0.22314355131421 0 -0.510825623765991
5.29831736654804 1.30833281965018 0.0953101798043249 0.262364264467491 0.336472236621213 -0.510825623765991
0.0953101798043249 0.0953101798043249 0.0953101798043249 0 0 0.182321556793955
2.77258872223978 1.30833281965018 -1.6094379124341 0 0.8754687373539 -0.916290731874155
5.29831736654804 0.832909122935104 -0.916290731874155 -0.510825623765991 0.182321556793955 -0.916290731874155
1.38629436111989 1.58923520511658 5.99146454710798 0.8754687373539 0.470003629245736 1.94591014905531
2.04122032885964 2.05412373369555 5.99146454710798 2.12823170584927 1.06471073699243 1.58923520511658
2.05412373369555 1.6094379124341 1.54756250871601 2.16332302566054 1.1314021114911 6.21460809842219
5.29831736654804 1.70474809223843 1.70474809223843 0.53062825106217 0.53062825106217 999
1.6094379124341 1.91692261218206 5.99146454710798 1.85629799036563 0.916290731874155 1.52605630349505
0 0 999 999 999 999
999 1.38629436111989 999 999 999 999
5.29831736654804 1.84054963339749 -0.356674943938732 0.262364264467491 0.53062825106217 999
999 1.38629436111989 999 999 999 999
5.29831736654804 1.25276296849537 0.641853886172395 0.182321556793955 0.336472236621213 999
5.29831736654804 0.832909122935104 -1.20397280432594 -0.356674943938732 0 999
0.0953101798043249 0.0953101798043249 1.66770682055808 0.262364264467491 0.182321556793955 999
5.29831736654804 1.6094379124341 1.38629436111989 0.641853886172395 0.262364264467491 999
999 1.6094379124341 999 999 999 999
5.29831736654804 1.62924053973028 -0.510825623765991 -0.22314355131421 0.405465108108164 999
5.29831736654804 1.91692261218206 0 0.0953101798043249 0.741937344729377 999
999 1.6094379124341 999 999 999 999
999 1.38629436111989 999 999 999 999
5.29831736654804 1.25276296849537 -0.105360515657826 -0.510825623765991 0.470003629245736 999
999 1.94591014905531 999 0.993251773010283 999 999
3.05870707271538 2.05412373369555 4.30000279919529 0.8754687373539 0.641853886172395 999
5.29831736654804 2.14006616349627 3.73289633953071 1.22377543162212 0.916290731874155 999
2.11625551480255 1.43508452528932 5.99146454710798 1.45861502269952 0.693147180559945 999
5.29831736654804 2.07944154167984 4.33073334028633 1.19392246847243 0.741937344729377 999
5.29831736654804 1.62924053973028 2.89037175789616 0.641853886172395 0.470003629245736 0.262364264467491
1.45861502269952 1.02961941718116 5.17614973257383 0.693147180559945 0.182321556793955 1.25276296849537
1.77495235091167 1.22377543162212 5.03695260241363 0.8754687373539 0.336472236621213 1.09861228866811
5.29831736654804 1.64865862558738 2.30258509299405 0.336472236621213 0.405465108108164 0.182321556793955
1.22377543162212 1.43508452528932 2.94443897916644 0.955511445027436 0.641853886172395 0.336472236621213
5.29831736654804 1.43508452528932 0.470003629245736 0.470003629245736 0.262364264467491 999
5.29831736654804 1.38629436111989 1.7227665977411 0 0.587786664902119 -0.105360515657826
5.29831736654804 1.33500106673234 1.84054963339749 0.470003629245736 0.470003629245736 0.262364264467491
5.29831736654804 1.22377543162212 1.52605630349505 0.405465108108164 0.336472236621213 -0.105360515657826
5.29831736654804 1.62924053973028 2.89037175789616 0.641853886172395 0.641853886172395 999
1.41098697371026 0.78845736036427 3.17805383034795 0.916290731874155 0.336472236621213 0.53062825106217
5.29831736654804 1.09861228866811 -0.916290731874155 -0.510825623765991 0.336472236621213 999
1.38629436111989 1.28093384546206 5.99146454710798 0.955511445027436 0.693147180559945 1.70474809223843
1.50407739677627 1.33500106673234 5.99146454710798 0.832909122935104 0.470003629245736 1.25276296849537
1.28093384546206 1.19392246847243 4.8283137373023 0.8754687373539 0.336472236621213 0.832909122935104
5.29831736654804 1.25276296849537 -0.510825623765991 -0.22314355131421 0.470003629245736 999
5.29831736654804 2.27212588550934 2.07944154167984 0.955511445027436 0.741937344729377 -0.22314355131421
5.29831736654804 1.7404661748405 1.93152141160321 0.693147180559945 0.405465108108164 0.0953101798043249
1.22377543162212 0.916290731874155 4.26267987704132 0.693147180559945 0.182321556793955 1.06471073699243
0.78845736036427 1.22377543162212 4.04305126783455 0.8754687373539 0.53062825106217 0.78845736036427
3.58351893845611 3.2188758248682 5.99146454710798 3.25809653802148 3.13549421592915 2.07944154167984
5.29831736654804 1.33500106673234 -0.693147180559945 -0.356674943938732 0.405465108108164 999
0.182321556793955 0.832909122935104 0.641853886172395 0.8754687373539 1.09861228866811 -0.356674943938732
5.29831736654804 0.993251773010283 -0.916290731874155 -0.510825623765991 0.262364264467491 -0.693147180559945
3.13549421592915 3.43398720448515 5.99146454710798 2.39789527279837 1.41098697371026 3.3322045101752
1.02961941718116 1.16315080980568 2.39789527279837 0.693147180559945 0.405465108108164 0.0953101798043249
0.336472236621213 0.693147180559945 2.56494935746154 0.641853886172395 0.0953101798043249 999
1.09861228866811 0.916290731874155 5.99146454710798 0.8754687373539 0.182321556793955 999
5.29831736654804 1.91692261218206 3.46573590279973 0.832909122935104 0.587786664902119 0.693147180559945
5.29831736654804 1.79175946922805 1.52605630349505 0.470003629245736 0.78845736036427 0.0953101798043249
2.15176220325946 1.1314021114911 -0.356674943938732 0.262364264467491 0.741937344729377 0.916290731874155
0.0953101798043249 0.0953101798043249 0.832909122935104 0.262364264467491 0.182321556793955 0.336472236621213
0.0953101798043249 0 -0.693147180559945 0.0953101798043249 -0.22314355131421 999
1.97408102602201 2.70805020110221 5.99146454710798 2.2082744135228 1.16315080980568 2.89037175789616
0 0.182321556793955 0 0 0.0953101798043249 999
-0.105360515657826 0 0 -0.105360515657826 0 999
2.70805020110221 2.99573227355399 1.64865862558738 1.91692261218206 2.39789527279837 999
2.12823170584927 1.97408102602201 5.99146454710798 999 0.741937344729377 999
5.29831736654804 1.79175946922805 3.40119738166216 0.78845736036427 0.53062825106217 0.470003629245736
5.29831736654804 2.23001440015921 2.24070968927596 1.06471073699243 1.1314021114911 0
5.29831736654804 1.77495235091167 2.94443897916644 0.641853886172395 0.53062825106217 0.53062825106217
0.262364264467491 -0.105360515657826 1.88706964903238 -0.22314355131421 -0.105360515657826 0.0953101798043249
5.29831736654804 999 3.68386691229039 0.470003629245736 0.336472236621213 999
5.29831736654804 999 3.61361696961339 0.741937344729377 0.916290731874155 999
5.29831736654804 999 1.02961941718116 0.405465108108164 0.182321556793955 999
0.470003629245736 999 0 -0.22314355131421 0.182321556793955 999
-0.105360515657826 999 1.19392246847243 -0.356674943938732 0 999
5.29831736654804 999 999 0.0953101798043249 0.587786664902119 999
5.29831736654804 999 3.06339092202781 1.02961941718116 0.405465108108164 999
1.25276296849537 999 3.09557760852371 0.693147180559945 -0.105360515657826 999
2.01490302054226 1.84054963339749 5.99146454710798 1.66770682055808 0.693147180559945 1.66770682055808
5.29831736654804 1.52605630349505 1.54756250871601 0.53062825106217 0.587786664902119 -0.356674943938732
1.68639895357023 1.96009478404727 4.00733318523247 2.39789527279837 2.39789527279837 0.641853886172395
5.29831736654804 1.64865862558738 2.484906649788 0.78845736036427 0.53062825106217 -0.105360515657826
-0.105360515657826 -0.105360515657826 1.25276296849537 0.182321556793955 0 0.0953101798043249
5.29831736654804 1.30833281965018 -1.20397280432594 -0.356674943938732 0.262364264467491 -0.916290731874155
0.693147180559945 0.741937344729377 3.85014760171006 0.832909122935104 0.0953101798043249 0.832909122935104
1.28093384546206 1.06471073699243 4.91998092582813 0.8754687373539 0.53062825106217 0.993251773010283
4.15888308335967 2.39789527279837 4.61512051684126 2.99573227355399 3.09104245335832 1.58923520511658
0.336472236621213 1.09861228866811 5.36129216570943 0.641853886172395 0.0953101798043249 1.06471073699243
5.29831736654804 1.33500106673234 -0.693147180559945 -0.22314355131421 0.405465108108164 999
-0.22314355131421 -0.22314355131421 3.40119738166216 0.336472236621213 -0.22314355131421 0.336472236621213
5.29831736654804 2.00148000021012 0.470003629245736 0.262364264467491 0.8754687373539 999
3.09104245335832 1.79175946922805 -0.916290731874155 -0.105360515657826 0.587786664902119 0.405465108108164
1.43508452528932 1.16315080980568 4.4188406077966 0.955511445027436 0.470003629245736 1.02961941718116
0.78845736036427 0.182321556793955 0.587786664902119 0.182321556793955 -0.105360515657826 -0.356674943938732
5.29831736654804 0.8754687373539 -1.6094379124341 -0.510825623765991 0.336472236621213 -0.916290731874155
5.29831736654804 1.62924053973028 2.484906649788 0.53062825106217 0.336472236621213 0.405465108108164
1.25276296849537 0.182321556793955 -0.510825623765991 0 0.0953101798043249 -0.22314355131421
5.29831736654804 2.30258509299405 5.82894561761021 1.54756250871601 1.06471073699243 0.78845736036427
5.29831736654804 1.79175946922805 0.470003629245736 0.336472236621213 0.587786664902119 -0.22314355131421
5.29831736654804 1.87180217690159 4.17438726989564 0.53062825106217 0.693147180559945 0.53062825106217
0.405465108108164 -0.356674943938732 -0.22314355131421 -0.22314355131421 -0.22314355131421 999
5.29831736654804 2.24070968927596 2.63905732961526 0.993251773010283 0.693147180559945 0.262364264467491
-0.22314355131421 -0.356674943938732 0.916290731874155 -0.22314355131421 -0.510825623765991 0.0953101798043249
3.40119738166216 2.99573227355399 5.99146454710798 2.99573227355399 1.48160454092422 999
5.29831736654804 1.79175946922805 2.77258872223978 0.336472236621213 0.182321556793955 0.182321556793955
1.1314021114911 2.02814824729229 2.02814824729229 1.96009478404727 1.85629799036563 0.336472236621213
5.29831736654804 1.28093384546206 0.8754687373539 0.182321556793955 0.262364264467491 -0.22314355131421
0.741937344729377 0.916290731874155 4.57471097850338 0.53062825106217 0.0953101798043249 0.832909122935104
5.29831736654804 1.77495235091167 4.07753744390572 0.741937344729377 0.53062825106217 999
0.470003629245736 0.916290731874155 1.1314021114911 0.336472236621213 0.182321556793955 -0.22314355131421
5.29831736654804 1.68639895357023 1.52605630349505 0.405465108108164 0.405465108108164 999
5.29831736654804 2.10413415427021 5.66988092298052 1.09861228866811 0.78845736036427 999
5.29831736654804 2.56494935746154 2.484906649788 1.30833281965018 1.19392246847243 999
5.29831736654804 1.77495235091167 3.71357206670431 1.06471073699243 0.741937344729377 999
5.29831736654804 2.17475172148416 2.39789527279837 1.22377543162212 1.1314021114911 999
5.29831736654804 1.48160454092422 0.53062825106217 -0.105360515657826 0.53062825106217 999
0.955511445027436 1.16315080980568 3.91202300542815 0.587786664902119 0.0953101798043249 999
5.29831736654804 1.30833281965018 -0.693147180559945 -0.22314355131421 0.53062825106217 999
5.29831736654804 2.10413415427021 2.01490302054226 0.53062825106217 0.641853886172395 999
5.29831736654804 1.1314021114911 -0.693147180559945 0 0.262364264467491 999
0.470003629245736 0.0953101798043249 -0.356674943938732 0 0 999
4.96144504990548 1.88706964903238 3.76120011569356 1.02961941718116 0.741937344729377 999
4.88128562206841 0.8754687373539 -1.6094379124341 -0.22314355131421 0.405465108108164 999
5.29831736654804 2.39789527279837 3.29583686600433 1.58923520511658 0.693147180559945 999
0.78845736036427 0.470003629245736 2.06686275947298 0.53062825106217 0.182321556793955 999
1.1314021114911 1.33500106673234 5.18178355029209 1.38629436111989 0.405465108108164 999
1.22377543162212 0.78845736036427 4.35670882668959 0.470003629245736 0.470003629245736 999
5.29831736654804 1.90210752639692 3.25809653802148 1.19392246847243 0.832909122935104 999
2.17475172148416 1.16315080980568 -0.510825623765991 0.470003629245736 0.832909122935104 999
-0.356674943938732 0 0 0.0953101798043249 -0.22314355131421 999
0 -0.22314355131421 0.182321556793955 0 0.0953101798043249 999
0 -0.105360515657826 0.182321556793955 0.0953101798043249 0.0953101798043249 999
5.29831736654804 1.19392246847243 -0.510825623765991 -0.22314355131421 0.53062825106217 999
1.56861591791385 1.28093384546206 5.16478597392351 1.62924053973028 0.470003629245736 999
5.29831736654804 1.38629436111989 0.182321556793955 0.0953101798043249 0.336472236621213 999
5.29831736654804 1.33500106673234 0.693147180559945 0.336472236621213 0.470003629245736 999
1.16315080980568 0.916290731874155 4.68213122712422 1.09861228866811 0.641853886172395 999
5.03565305707154 1.64865862558738 3.3322045101752 0.693147180559945 0.53062825106217 999
0.916290731874155 0.641853886172395 2.89037175789616 0.336472236621213 0.0953101798043249 999
4.97327950755249 1.80828877117927 3.49650756146648 0.693147180559945 0.53062825106217 999
4.96144504990548 1.84054963339749 3.40119738166216 0.78845736036427 0.8754687373539 999
5.29831736654804 1.94591014905531 3.49650756146648 0.641853886172395 0.641853886172395 999
5.06132840841177 2.14006616349627 1.84054963339749 0.336472236621213 0.78845736036427 999
5.29831736654804 2.19722457733622 2.484906649788 0.641853886172395 0.53062825106217 999
4.73795129722191 1.06471073699243 0.182321556793955 -0.105360515657826 0.470003629245736 999
5.29831736654804 1.52605630349505 3.13549421592915 0.587786664902119 0.405465108108164 999
5.29831736654804 1.6094379124341 2.39789527279837 0.8754687373539 0.955511445027436 999
1.22377543162212 0.587786664902119 3.43398720448515 0.262364264467491 0.0953101798043249 999
4.98565930802608 1.7404661748405 3.8286413964891 0.8754687373539 0.641853886172395 999
5.29831736654804 1.48160454092422 -0.356674943938732 -0.105360515657826 0.53062825106217 999
5.29831736654804 1.62924053973028 2.83321334405622 0.587786664902119 0.587786664902119 999
-0.105360515657826 -0.356674943938732 -0.105360515657826 -0.22314355131421 0.0953101798043249 999
4.96144504990548 3.24259235148552 5.99146454710798 2.39789527279837 2.77258872223978 999
2.30258509299405 2.06686275947298 2.56494935746154 2.39789527279837 1.66770682055808 999
1.48160454092422 0.832909122935104 4.77912349311153 1.28093384546206 0.470003629245736 999
5.29831736654804 2.06686275947298 1.85629799036563 0.78845736036427 0.587786664902119 999
0.262364264467491 0.182321556793955 2.30258509299405 0.470003629245736 -0.105360515657826 999
5.29831736654804 2.21920348405499 3.76120011569356 1.3609765531356 0.832909122935104 999
4.84890037091069 0.53062825106217 -0.693147180559945 -0.510825623765991 0.405465108108164 999
5.29831736654804 1.52605630349505 -0.693147180559945 -0.105360515657826 0.470003629245736 999
5.29831736654804 2.04122032885964 -0.22314355131421 0.336472236621213 0.741937344729377 999
1.25276296849537 0.693147180559945 4.96284463025991 0.832909122935104 0.262364264467491 999
5.29831736654804 1.90210752639692 0.832909122935104 0.470003629245736 0.832909122935104 999
5.29831736654804 1.88706964903238 2.70805020110221 1.16315080980568 0.916290731874155 999
1.3609765531356 0.741937344729377 3.5945687746427 0.53062825106217 -0.356674943938732 999
1.6094379124341 1.75785791755237 5.99146454710798 1.16315080980568 0.587786664902119 1.45861502269952
5.29831736654804 0.470003629245736 -1.20397280432594 -0.105360515657826 0 -0.693147180559945
5.29831736654804 1.45861502269952 1.43508452528932 0.336472236621213 0.587786664902119 0
2.09186406167839 1.56861591791385 5.36597601502185 1.3609765531356 0.53062825106217 1.09861228866811
5.29831736654804 1.87180217690159 1.25276296849537 0.641853886172395 0.693147180559945 -0.105360515657826
5.29831736654804 1.16315080980568 -1.6094379124341 -0.510825623765991 0.470003629245736 -0.916290731874155
0.405465108108164 0 2.70805020110221 0.0953101798043249 0 0.405465108108164
1.7404661748405 0.641853886172395 -1.20397280432594 0.0953101798043249 0.405465108108164 0.405465108108164
2.30258509299405 1.28093384546206 -0.356674943938732 0.641853886172395 1.09861228866811 1.33500106673234
5.29831736654804 1.25276296849537 -1.20397280432594 -0.22314355131421 0.336472236621213 -0.916290731874155
-0.356674943938732 -0.105360515657826 -0.510825623765991 0 -0.105360515657826 -0.22314355131421
0.336472236621213 -0.22314355131421 0.0953101798043249 0.182321556793955 0.182321556793955 999
0.0953101798043249 0 0.0953101798043249 0 0 999
-0.22314355131421 -0.105360515657826 -0.356674943938732 -0.22314355131421 -0.22314355131421 999
0.182321556793955 0.0953101798043249 -0.510825623765991 0 -0.105360515657826 999
0.0953101798043249 -0.22314355131421 -0.22314355131421 -0.22314355131421 0 999
0.0953101798043249 0 -0.105360515657826 0.0953101798043249 0 999
1.54756250871601 1.62924053973028 4.61015772749913 0.955511445027436 0.262364264467491 999
0.0953101798043249 0.336472236621213 -0.356674943938732 0.0953101798043249 -0.105360515657826 999
0 -0.22314355131421 0 0.182321556793955 0.182321556793955 999
0.693147180559945 -0.356674943938732 0.182321556793955 0.182321556793955 0.0953101798043249 999
-0.105360515657826 -0.22314355131421 -0.22314355131421 -0.356674943938732 0 999
0.693147180559945 0.53062825106217 2.50959926237837 0.741937344729377 0.182321556793955 999
0.182321556793955 0.470003629245736 -0.105360515657826 0.0953101798043249 -0.105360515657826 999
0.262364264467491 0 -0.22314355131421 0.0953101798043249 0.0953101798043249 999
0.262364264467491 -0.356674943938732 0.336472236621213 0 -0.105360515657826 999
1.54756250871601 0.641853886172395 1.98787434815435 0.53062825106217 0.587786664902119 999
0.0953101798043249 -0.105360515657826 -0.510825623765991 -0.22314355131421 -0.105360515657826 999
0.0953101798043249 -0.356674943938732 -0.22314355131421 0.182321556793955 0.262364264467491 999
5.29831736654804 0.641853886172395 -0.356674943938732 0 0.53062825106217 999
5.29831736654804 0.916290731874155 -1.6094379124341 -0.22314355131421 0.262364264467491 999
0.53062825106217 -0.105360515657826 1.02961941718116 0.336472236621213 0.182321556793955 999
5.29831736654804 1.06471073699243 -0.916290731874155 -0.356674943938732 0.405465108108164 999
0 -0.22314355131421 0.0953101798043249 -0.105360515657826 0 999
0.182321556793955 -0.105360515657826 -0.105360515657826 -0.105360515657826 -0.105360515657826 999
0.262364264467491 0.0953101798043249 0 0 0.0953101798043249 999
0.0953101798043249 0.0953101798043249 -0.510825623765991 -0.105360515657826 0 999
-0.105360515657826 -0.22314355131421 -0.916290731874155 -0.356674943938732 -0.22314355131421 999
0.182321556793955 -0.22314355131421 -0.693147180559945 -0.356674943938732 -0.356674943938732 999
0 -0.356674943938732 -0.356674943938732 0 0.0953101798043249 999
0.182321556793955 -0.22314355131421 0.53062825106217 0.182321556793955 0.0953101798043249 999
-0.105360515657826 -0.356674943938732 -0.510825623765991 -0.22314355131421 -0.356674943938732 999
0.741937344729377 -0.510825623765991 -0.510825623765991 0.262364264467491 0.182321556793955 999
0.262364264467491 0.336472236621213 0 0.0953101798043249 0.262364264467491 999
5.29831736654804 0.8754687373539 -0.693147180559945 -0.356674943938732 0.182321556793955 999
5.29831736654804 0.916290731874155 -0.693147180559945 -0.22314355131421 0.693147180559945 999
5.29831736654804 0.641853886172395 -0.22314355131421 -0.356674943938732 0.53062825106217 999
-0.356674943938732 -0.105360515657826 0.182321556793955 0 0.0953101798043249 999
5.29831736654804 1.7404661748405 0.993251773010283 0.405465108108164 0.587786664902119 999
0.693147180559945 0.955511445027436 2.41591377830105 0.405465108108164 -0.105360515657826 999
1.09861228866811 1.02961941718116 4.00003388275086 0.641853886172395 -0.105360515657826 999
5.29831736654804 1.33500106673234 -0.916290731874155 -0.22314355131421 -0.105360515657826 999
5.29831736654804 1.1314021114911 -1.20397280432594 -0.22314355131421 0.182321556793955 999
5.29831736654804 1.22377543162212 1.56861591791385 0.336472236621213 0.336472236621213 999
0.0953101798043249 0 1.98787434815435 0.336472236621213 -0.693147180559945 999
2.52572864430826 0.955511445027436 -0.916290731874155 0.53062825106217 0.587786664902119 999
0.955511445027436 999 0.0953101798043249 -0.105360515657826 0.587786664902119 999
1.25276296849537 999 -0.510825623765991 0.641853886172395 0.182321556793955 999
3.08648663682246 2.79728133483015 5.99146454710798 2.58776403522771 1.09861228866811 999
0.336472236621213 999 2.00148000021012 1.06471073699243 1.91692261218206 999
5.29831736654804 3.36384159511839 5.7281498311045 2.4423470353692 2.90690105984738 999
5.29831736654804 1.93152141160321 0.53062825106217 0.262364264467491 0.262364264467491 999
5.29831736654804 3.03974915897077 0.741937344729377 0.8754687373539 1.91692261218206 999
2.27212588550934 0.832909122935104 -0.916290731874155 0.470003629245736 0.470003629245736 0.53062825106217
2.19722457733622 0.8754687373539 -0.510825623765991 0.587786664902119 0.470003629245736 0.641853886172395
1.84054963339749 0.470003629245736 -0.693147180559945 0.336472236621213 0.262364264467491 0.587786664902119
-0.22314355131421 -0.356674943938732 -0.22314355131421 -0.22314355131421 -0.105360515657826 -0.105360515657826
0 -0.22314355131421 -0.356674943938732 -0.105360515657826 -0.105360515657826 -0.105360515657826
0 -0.105360515657826 -0.22314355131421 -0.22314355131421 -0.22314355131421 -0.105360515657826
2.27212588550934 1.09861228866811 -0.693147180559945 0.587786664902119 0.741937344729377 0.741937344729377
0.470003629245736 0.741937344729377 -0.916290731874155 0.0953101798043249 0.405465108108164 -0.510825623765991
0.470003629245736 1.02961941718116 -0.105360515657826 -0.22314355131421 -0.22314355131421 0.262364264467491
5.29831736654804 1.3609765531356 -1.20397280432594 -0.105360515657826 0.336472236621213 -0.693147180559945
5.29831736654804 2.30258509299405 -1.20397280432594 0 1.28093384546206 0.182321556793955
5.29831736654804 2.14006616349627 -1.20397280432594 -0.105360515657826 0.8754687373539 -0.916290731874155
5.29831736654804 2.28238238567653 -0.356674943938732 -0.105360515657826 0.693147180559945 -0.105360515657826
5.29831736654804 2.484906649788 -1.20397280432594 0.182321556793955 1.90210752639692 -0.105360515657826
2.85647020622048 3.44361809754611 5.41030586849608 2.72129542785223 1.38629436111989 999
0 -0.356674943938732 0.262364264467491 0.0953101798043249 0.0953101798043249 999
0.832909122935104 0.262364264467491 2.41591377830105 0.53062825106217 0.262364264467491 999
-0.356674943938732 -0.356674943938732 0.336472236621213 0 -0.22314355131421 999
5.29831736654804 1.38629436111989 1.7404661748405 0.336472236621213 0.182321556793955 999
-0.105360515657826 -0.356674943938732 -0.22314355131421 -0.22314355131421 -0.510825623765991 999
0.8754687373539 0.832909122935104 3.68887945411394 0.53062825106217 -0.22314355131421 999
2.72785282839839 1.38629436111989 2.07944154167984 0.693147180559945 0.262364264467491 999
5.29831736654804 2.04122032885964 1.3609765531356 0.0953101798043249 0.262364264467491 999
5.29831736654804 2.63188884013665 2.07944154167984 1.33500106673234 1.06471073699243 999
5.29831736654804 1.62924053973028 2.02814824729229 0.336472236621213 0.405465108108164 999
5.29831736654804 2.12823170584927 3.37416870927424 0.916290731874155 0.470003629245736 999
2.36085400111802 1.75785791755237 5.5691075713296 1.80828877117927 0.8754687373539 999
0 0 0 -0.105360515657826 0.0953101798043249 999
5.29831736654804 1.33500106673234 -0.510825623765991 -0.22314355131421 0.405465108108164 999
0.182321556793955 -0.22314355131421 -0.693147180559945 0 0 999
-0.356674943938732 -0.105360515657826 -0.510825623765991 -0.22314355131421 -0.22314355131421 -0.356674943938732
-0.356674943938732 -0.356674943938732 1.88706964903238 -0.22314355131421 -0.22314355131421 0.0953101798043249
2.29253475714054 2.09186406167839 5.99146454710798 1.45861502269952 0.832909122935104 1.25276296849537
5.29831736654804 1.56861591791385 1.84054963339749 0.405465108108164 0.336472236621213 0.0953101798043249
5.29831736654804 1.33500106673234 1.88706964903238 0.53062825106217 0.262364264467491 -0.22314355131421
5.29831736654804 3.2188758248682 5.99146454710798 3.13549421592915 2.15176220325946 2.63905732961526
0.336472236621213 -0.22314355131421 0.262364264467491 -0.22314355131421 -0.105360515657826 0
5.29831736654804 0.693147180559945 0 -0.105360515657826 0.0953101798043249 -0.356674943938732
2.484906649788 2.89037175789616 5.99146454710798 2.15176220325946 1.30833281965018 1.96009478404727
5.29831736654804 1.98787434815435 5.03043792139244 0.693147180559945 0.53062825106217 0.832909122935104
0.0953101798043249 -0.105360515657826 0.0953101798043249 -0.105360515657826 0 -0.105360515657826
0.182321556793955 0 -0.105360515657826 -0.22314355131421 -0.105360515657826 999
0.0953101798043249 -0.105360515657826 -0.105360515657826 0.0953101798043249 0 -0.105360515657826
5.29831736654804 3.17387845893747 5.99146454710798 2.19722457733622 1.48160454092422 1.33500106673234
5.29831736654804 2.71469474382088 5.49839697826369 2.3887627892351 2.98061863574394 -0.105360515657826
5.29831736654804 1.16315080980568 1.70474809223843 0 0.182321556793955 0
1.94591014905531 1.41098697371026 5.99146454710798 1.19392246847243 0.53062825106217 1.54756250871601
2.05412373369555 1.88706964903238 5.99146454710798 1.93152141160321 0.832909122935104 1.7227665977411
1.02961941718116 0.470003629245736 4.4224485491728 1.16315080980568 -0.22314355131421 0.741937344729377
5.29831736654804 1.80828877117927 3.52046080248897 0.53062825106217 0.470003629245736 0.587786664902119
5.29831736654804 0.993251773010283 -0.693147180559945 -0.356674943938732 0.262364264467491 -0.693147180559945
1.43508452528932 0.832909122935104 5.48438190962083 0.832909122935104 0.0953101798043249 0.916290731874155
5.29831736654804 0.916290731874155 0.53062825106217 0.262364264467491 0.182321556793955 -0.510825623765991
5.29831736654804 1.54756250871601 1.77495235091167 0.0953101798043249 0.470003629245736 999
5.29831736654804 1.70474809223843 0.262364264467491 0.262364264467491 0.916290731874155 -0.510825623765991
5.29831736654804 1.50407739677627 1.1314021114911 0.405465108108164 0.405465108108164 -0.22314355131421
2.10413415427021 1.28093384546206 -1.6094379124341 0.470003629245736 0.405465108108164 0.182321556793955
-0.22314355131421 -0.356674943938732 -0.105360515657826 -0.22314355131421 0 -0.356674943938732
3.73766961828337 5.13579843705026 5.99146454710798 2.99573227355399 2.63905732961526 3.93182563272433
-0.356674943938732 -0.105360515657826 0 0 0 0
-0.22314355131421 -0.22314355131421 -0.510825623765991 -0.22314355131421 -0.916290731874155 -0.510825623765991
-0.105360515657826 -0.22314355131421 -0.356674943938732 -0.356674943938732 -0.22314355131421 0
5.29831736654804 2.2082744135228 -1.20397280432594 0.182321556793955 1.09861228866811 0.0953101798043249
5.29831736654804 2.06686275947298 -1.6094379124341 0 1.1314021114911 -0.105360515657826
-0.22314355131421 -0.105360515657826 -0.105360515657826 0.0953101798043249 0 -0.105360515657826
5.29831736654804 0.916290731874155 0.182321556793955 0 0.182321556793955 -0.916290731874155
5.29831736654804 1.97408102602201 3.36729582998647 0.955511445027436 0.587786664902119 0.832909122935104
5.29831736654804 1.19392246847243 0.470003629245736 0 0.262364264467491 -0.356674943938732
2.56494935746154 2.484906649788 5.99146454710798 999 1.16315080980568 999
0.53062825106217 1.19392246847243 5.40267738187228 0.832909122935104 0.262364264467491 1.28093384546206
5.29831736654804 1.33500106673234 -1.20397280432594 -0.356674943938732 0.641853886172395 -0.916290731874155
5.29831736654804 0.955511445027436 -0.105360515657826 -0.356674943938732 0.53062825106217 -0.356674943938732
5.29831736654804 1.94591014905531 0.182321556793955 0.405465108108164 0.741937344729377 -0.510825623765991
0 0.182321556793955 0.8754687373539 0.0953101798043249 -0.105360515657826 0.262364264467491
-0.510825623765991 -0.510825623765991 -0.22314355131421 -0.22314355131421 -0.22314355131421 -0.356674943938732
5.29831736654804 2.30258509299405 -0.356674943938732 -0.22314355131421 0.641853886172395 -0.510825623765991
5.29831736654804 2.39789527279837 5.99146454710798 2.01490302054226 1.02961941718116 1.22377543162212
5.29831736654804 1.38629436111989 -1.20397280432594 -0.22314355131421 0.955511445027436 -1.20397280432594
5.29831736654804 1.66770682055808 2.39789527279837 0.405465108108164 0.405465108108164 0.182321556793955
5.29831736654804 1.94591014905531 0.182321556793955 0.405465108108164 0.741937344729377 -0.510825623765991
0 -0.22314355131421 -0.916290731874155 -0.105360515657826 -0.356674943938732 -0.356674943938732
0.0953101798043249 -0.105360515657826 0.182321556793955 -0.105360515657826 -0.105360515657826 -0.105360515657826
5.29831736654804 1.50407739677627 2.56494935746154 0.470003629245736 0.405465108108164 0.470003629245736
1.87180217690159 1.90210752639692 5.99146454710798 1.45861502269952 0.641853886172395 1.52605630349505
5.29831736654804 1.77495235091167 3.25809653802148 0.693147180559945 0.641853886172395 0.0953101798043249
5.29831736654804 2.30258509299405 5.59842195899838 1.02961941718116 0.955511445027436 0.832909122935104
5.29831736654804 2.484906649788 2.77258872223978 1.22377543162212 1.02961941718116 0.405465108108164
5.29831736654804 2.99573227355399 2.14006616349627 1.88706964903238 2.56494935746154 0
1.68639895357023 1.43508452528932 5.99146454710798 1.1314021114911 0.470003629245736 1.68639895357023
5.29831736654804 2.63905732961526 5.99146454710798 2.30258509299405 1.16315080980568 1.50407739677627
5.29831736654804 1.91692261218206 0.182321556793955 0.0953101798043249 0.916290731874155 0.78845736036427
2.83321334405622 1.96009478404727 -0.22314355131421 0.262364264467491 0.693147180559945 0.955511445027436
5.29831736654804 2.26176309847379 3.49650756146648 1.16315080980568 1.1314021114911 0.0953101798043249
5.29831736654804 2.30258509299405 1.96009478404727 0.8754687373539 0.916290731874155 -0.105360515657826
-0.356674943938732 -0.356674943938732 0.262364264467491 -0.510825623765991 -0.22314355131421 -0.22314355131421
0.916290731874155 0.182321556793955 0.0953101798043249 0 0.262364264467491 -0.105360515657826
-0.356674943938732 -0.105360515657826 0.405465108108164 0 0 -0.105360515657826
2.26176309847379 1.80828877117927 5.99146454710798 1.64865862558738 0.78845736036427 0.955511445027436
-0.22314355131421 -0.22314355131421 0.78845736036427 -0.510825623765991 -0.105360515657826 -0.105360515657826
5.29831736654804 1.7404661748405 3.85014760171006 1.02961941718116 0.641853886172395 0.741937344729377
5.29831736654804 2.56494935746154 -1.6094379124341 -0.510825623765991 0.641853886172395 -0.916290731874155
-0.22314355131421 -0.356674943938732 -0.22314355131421 -0.356674943938732 -0.105360515657826 -0.356674943938732
0 -0.105360515657826 -0.356674943938732 -0.22314355131421 -0.105360515657826 0
5.29831736654804 2.07944154167984 -0.916290731874155 -0.105360515657826 1.09861228866811 -0.916290731874155
5.29831736654804 1.77495235091167 -1.20397280432594 -0.105360515657826 0.8754687373539 -0.105360515657826
-0.105360515657826 -0.356674943938732 -0.916290731874155 -0.22314355131421 0 -0.510825623765991
-0.22314355131421 -0.105360515657826 -0.510825623765991 0 -0.105360515657826 -0.22314355131421
0.405465108108164 0.182321556793955 0.182321556793955 0.0953101798043249 0.0953101798043249 0
5.29831736654804 2.06686275947298 2.28238238567653 0.993251773010283 0.693147180559945 0.0953101798043249
2.70805020110221 -0.693147180559945 1.64865862558738 0.470003629245736 0.693147180559945 0
-0.22314355131421 -0.356674943938732 -0.693147180559945 -0.105360515657826 -0.105360515657826 -0.22314355131421
1.62924053973028 1.41098697371026 5.46383180502561 1.41098697371026 0.470003629245736 1.1314021114911
-0.22314355131421 -0.22314355131421 -0.105360515657826 -0.22314355131421 -0.22314355131421 -0.105360515657826
-0.22314355131421 -0.22314355131421 0.182321556793955 -0.105360515657826 -0.22314355131421 0
2.00148000021012 1.43508452528932 4.45434729625351 1.19392246847243 0.741937344729377 0.955511445027436
0.182321556793955 0 -0.356674943938732 0.0953101798043249 -0.105360515657826 -0.22314355131421
0 0.0953101798043249 0.0953101798043249 -0.105360515657826 0.0953101798043249 -0.105360515657826
-0.105360515657826 -0.22314355131421 -0.356674943938732 -0.105360515657826 -0.22314355131421 -0.356674943938732
5.29831736654804 2.63905732961526 2.39789527279837 1.38629436111989 1.06471073699243 0
1.02961941718116 1.3609765531356 5.99146454710798 0.693147180559945 0.405465108108164 1.38629436111989
-0.22314355131421 0.182321556793955 0.262364264467491 -0.105360515657826 0 0.0953101798043249
5.29831736654804 1.87180217690159 4.74493212836325 1.19392246847243 0.78845736036427 0.993251773010283
5.29831736654804 2.19722457733622 1.48160454092422 1.28093384546206 0.641853886172395 -0.22314355131421
5.29831736654804 1.06471073699243 -0.916290731874155 -0.356674943938732 0.53062825106217 -0.693147180559945
-0.105360515657826 -0.105360515657826 -0.22314355131421 -0.356674943938732 -0.105360515657826 -0.105360515657826
5.29831736654804 1.88706964903238 2.15176220325946 0.587786664902119 0.470003629245736 0
0 -0.105360515657826 -0.105360515657826 -0.105360515657826 0 -0.22314355131421
5.29831736654804 0.0953101798043249 -2.30258509299405 -0.510825623765991 0.0953101798043249 -0.916290731874155
-0.105360515657826 -0.356674943938732 -0.105360515657826 -0.22314355131421 0 -0.22314355131421
5.29831736654804 0.741937344729377 -0.916290731874155 -0.510825623765991 0.182321556793955 -0.693147180559945
-0.510825623765991 -0.510825623765991 -0.510825623765991 -0.22314355131421 -0.22314355131421 -0.510825623765991
0.0953101798043249 0.182321556793955 -0.356674943938732 0 -0.105360515657826 -0.22314355131421
5.29831736654804 1.22377543162212 -0.693147180559945 -0.22314355131421 0.262364264467491 -0.510825623765991
-0.105360515657826 -0.105360515657826 -0.22314355131421 0 -0.105360515657826 -0.105360515657826
5.29831736654804 0.53062825106217 -1.20397280432594 -0.510825623765991 0.0953101798043249 999
5.29831736654804 0.741937344729377 -0.916290731874155 -0.356674943938732 0.182321556793955 999
5.29831736654804 1.19392246847243 -0.22314355131421 -0.356674943938732 0.182321556793955 999
5.29831736654804 1.1314021114911 -0.22314355131421 -0.105360515657826 0.182321556793955 999
5.29831736654804 1.91692261218206 1.82454929205105 0.405465108108164 0.470003629245736 999
5.29831736654804 1.96009478404727 3.04452243772342 0.693147180559945 0.405465108108164 999
5.29831736654804 1.38629436111989 -0.105360515657826 -0.356674943938732 0.262364264467491 999
5.29831736654804 1.06471073699243 -1.20397280432594 -0.356674943938732 0.262364264467491 999
5.29831736654804 1.33500106673234 -0.105360515657826 -0.356674943938732 0.470003629245736 999
5.29831736654804 1.28093384546206 -0.510825623765991 -0.22314355131421 0.336472236621213 999
5.29831736654804 1.45861502269952 -0.22314355131421 -0.105360515657826 0.336472236621213 999
5.29831736654804 2.39789527279837 2.07944154167984 1.45861502269952 1.96009478404727 999
5.29831736654804 1.43508452528932 0 0 0.470003629245736 999
5.29831736654804 0.993251773010283 -0.510825623765991 -0.356674943938732 0.182321556793955 999
5.29831736654804 1.54756250871601 0.8754687373539 0.262364264467491 0.336472236621213 999
5.29831736654804 1.38629436111989 0 -0.105360515657826 0.262364264467491 999
5.29831736654804 1.48160454092422 -0.510825623765991 -0.22314355131421 0.641853886172395 999
5.29831736654804 0.916290731874155 -0.356674943938732 -0.916290731874155 0.262364264467491 999
5.29831736654804 0.993251773010283 -0.356674943938732 -0.356674943938732 0.262364264467491 999
5.29831736654804 1.30833281965018 -0.105360515657826 -0.22314355131421 0.262364264467491 999
5.29831736654804 1.16315080980568 -0.693147180559945 -0.356674943938732 0.182321556793955 999
5.29831736654804 1.30833281965018 -0.693147180559945 -0.356674943938732 0.0953101798043249 999
5.29831736654804 1.45861502269952 -0.693147180559945 -0.356674943938732 0.336472236621213 999
5.29831736654804 1.38629436111989 -0.510825623765991 -0.105360515657826 0.336472236621213 999
5.29831736654804 1.09861228866811 -0.916290731874155 -0.356674943938732 0.182321556793955 999
5.29831736654804 1.28093384546206 -0.916290731874155 -0.356674943938732 0.336472236621213 999
0.0953101798043249 0.0953101798043249 0.182321556793955 0 -0.105360515657826 999
5.29831736654804 1.1314021114911 -0.356674943938732 -0.356674943938732 0 999
5.29831736654804 1.1314021114911 -0.510825623765991 -0.22314355131421 0.182321556793955 999
5.29831736654804 1.80828877117927 1.3609765531356 0.336472236621213 0.262364264467491 999
-0.105360515657826 -0.105360515657826 0.262364264467491 0 -0.105360515657826 999
0.0953101798043249 0 -0.22314355131421 0.0953101798043249 -0.105360515657826 999
5.29831736654804 1.19392246847243 -0.916290731874155 -0.356674943938732 0.336472236621213 999
5.29831736654804 0.78845736036427 -0.105360515657826 -0.510825623765991 -0.22314355131421 999
5.29831736654804 1.30833281965018 -0.356674943938732 0 0.587786664902119 999
5.29831736654804 1.22377543162212 -0.510825623765991 -0.356674943938732 0.336472236621213 999
5.29831736654804 0.78845736036427 -1.20397280432594 -0.510825623765991 0.0953101798043249 999
5.29831736654804 1.45861502269952 0.262364264467491 0.0953101798043249 0.470003629245736 999
5.29831736654804 1.28093384546206 -0.22314355131421 -0.105360515657826 0.405465108108164 999
5.29831736654804 1.02961941718116 -0.693147180559945 -0.22314355131421 0.262364264467491 999
5.29831736654804 1.41098697371026 -0.356674943938732 -0.105360515657826 0.405465108108164 999
5.29831736654804 1.7404661748405 0.993251773010283 0.336472236621213 0.405465108108164 999
5.29831736654804 1.25276296849537 -0.916290731874155 -0.510825623765991 0.262364264467491 999
-0.510825623765991 -0.356674943938732 -0.693147180559945 0 -0.105360515657826 0
-0.22314355131421 -0.356674943938732 -0.356674943938732 -0.105360515657826 -0.22314355131421 -0.356674943938732
0 0.182321556793955 -0.105360515657826 0.182321556793955 0 0.182321556793955
0.182321556793955 0.262364264467491 3.09104245335832 0.262364264467491 -0.22314355131421 0.262364264467491
0.262364264467491 0.53062825106217 4.62497281328427 0.336472236621213 0 0.832909122935104
0.470003629245736 0.336472236621213 2.07944154167984 0.693147180559945 0 0.741937344729377
-0.22314355131421 -0.510825623765991 0.53062825106217 -0.22314355131421 -0.693147180559945 -0.22314355131421
1.06471073699243 0.78845736036427 5.40717177146012 0.641853886172395 0.182321556793955 0.8754687373539
0.182321556793955 0 1.90210752639692 0.470003629245736 -0.105360515657826 0.262364264467491
-0.105360515657826 -0.22314355131421 -0.510825623765991 -0.22314355131421 -0.105360515657826 -0.356674943938732
0 -0.105360515657826 0.0953101798043249 0.0953101798043249 -0.105360515657826 0
-0.105360515657826 -0.356674943938732 -0.916290731874155 -0.510825623765991 -0.693147180559945 -0.356674943938732
0.641853886172395 0.693147180559945 3.13549421592915 0.693147180559945 0.0953101798043249 0.470003629245736
0.470003629245736 0.405465108108164 2.70805020110221 0.336472236621213 -0.105360515657826 0.336472236621213
-0.22314355131421 -0.356674943938732 0 -0.105360515657826 -0.105360515657826 0
-0.22314355131421 -0.22314355131421 0 0 -0.22314355131421 -0.22314355131421
5.29831736654804 0.693147180559945 -0.916290731874155 -0.356674943938732 0.262364264467491 -0.693147180559945
5.29831736654804 1.3609765531356 -0.916290731874155 -0.356674943938732 0.53062825106217 -0.356674943938732
5.29831736654804 0.693147180559945 -1.6094379124341 -0.510825623765991 0 -0.916290731874155
0.182321556793955 1.25276296849537 2.39789527279837 0.993251773010283 0.832909122935104 0.405465108108164
0.182321556793955 0 0 -0.22314355131421 0.0953101798043249 -0.356674943938732
-0.22314355131421 -0.22314355131421 -0.510825623765991 -0.22314355131421 -0.22314355131421 -0.22314355131421
5.29831736654804 0.832909122935104 1.64865862558738 0.262364264467491 0.262364264467491 -0.105360515657826
-0.22314355131421 -0.105360515657826 -0.105360515657826 -0.105360515657826 -0.105360515657826 -0.105360515657826
1.16315080980568 1.1314021114911 5.99146454710798 0.741937344729377 0.262364264467491 1.38629436111989
-0.22314355131421 0 0.0953101798043249 0.0953101798043249 -0.105360515657826 0.0953101798043249
5.29831736654804 1.56861591791385 1.02961941718116 0.336472236621213 0.405465108108164 0
0.53062825106217 0 2.484906649788 0.0953101798043249 -0.105360515657826 0.405465108108164
0 0.0953101798043249 -0.105360515657826 0.182321556793955 -0.105360515657826 -0.22314355131421
5.29831736654804 1.50407739677627 2.39789527279837 0.53062825106217 0.470003629245736 -0.105360515657826
5.29831736654804 3.04452243772342 0.8754687373539 -0.22314355131421 0.641853886172395 -0.510825623765991
1.79175946922805 1.22377543162212 5.63835466933375 0.587786664902119 0.336472236621213 1.16315080980568
5.29831736654804 1.3609765531356 -0.356674943938732 -0.105360515657826 0.336472236621213 -0.916290731874155
0.53062825106217 0.336472236621213 1.09861228866811 0.336472236621213 -0.105360515657826 -0.22314355131421
5.29831736654804 1.90210752639692 2.27212588550934 0.641853886172395 0.53062825106217 0.336472236621213
5.29831736654804 1.87180217690159 5.39816270151775 0.741937344729377 0.693147180559945 0.916290731874155
2.56494935746154 1.77495235091167 5.99146454710798 1.16315080980568 0.587786664902119 1.45861502269952
5.29831736654804 1.64865862558738 2.26176309847379 0.955511445027436 0.741937344729377 0.0953101798043249
1.28093384546206 0.993251773010283 4.06044301054642 1.28093384546206 0.470003629245736 0.693147180559945
5.17275414357269 1.06471073699243 -0.693147180559945 -0.356674943938732 0.405465108108164 999
-0.22314355131421 -0.510825623765991 -0.916290731874155 -0.356674943938732 -0.22314355131421 999
4.98565930802608 2.26176309847379 3.71357206670431 0.916290731874155 0.693147180559945 999
4.54754107315146 1.84054963339749 1.09861228866811 0.741937344729377 0.741937344729377 999
-0.510825623765991 -0.510825623765991 -0.916290731874155 -0.356674943938732 -0.356674943938732 999
-0.22314355131421 -0.22314355131421 0.0953101798043249 -0.22314355131421 -0.105360515657826 999
0.262364264467491 0.0953101798043249 0.641853886172395 0.0953101798043249 0.182321556793955 999
4.97327950755249 0.993251773010283 -0.916290731874155 -0.105360515657826 0.336472236621213 999
-0.22314355131421 -0.22314355131421 0 -0.105360515657826 -0.105360515657826 999
0.262364264467491 0.336472236621213 3.8286413964891 0.405465108108164 0.0953101798043249 999
5.17275414357269 1.68639895357023 2.39789527279837 0.470003629245736 0.641853886172395 999
-0.356674943938732 -0.356674943938732 -0.22314355131421 -0.22314355131421 -0.105360515657826 999
1.58923520511658 1.87180217690159 5.99146454710798 1.87180217690159 0.78845736036427 999
2.17475172148416 1.16315080980568 -0.510825623765991 0.470003629245736 0.832909122935104 999
-0.356674943938732 0 0 0.0953101798043249 -0.22314355131421 999
4.70048036579242 1.3609765531356 1.02961941718116 0.182321556793955 0.405465108108164 999
2.70805020110221 1.70474809223843 -0.22314355131421 1.19392246847243 1.30833281965018 999
4.87060664949255 1.19392246847243 -0.693147180559945 -0.105360515657826 0.405465108108164 999
4.65586330030361 1.41098697371026 -1.6094379124341 -0.510825623765991 0.470003629245736 999
4.54754107315146 0.693147180559945 -0.356674943938732 -0.356674943938732 0.0953101798043249 999
4.97327950755249 0.916290731874155 0.78845736036427 0.182321556793955 0.336472236621213 999
4.71043069664558 1.56861591791385 -0.693147180559945 0.182321556793955 0.78845736036427 999
-0.510825623765991 -0.22314355131421 0.336472236621213 0 0 999
5.08821342874163 1.84054963339749 2.39789527279837 1.19392246847243 0.8754687373539 999
1.77495235091167 1.28093384546206 2.77258872223978 1.62924053973028 0.741937344729377 999
-0.105360515657826 -0.105360515657826 -0.22314355131421 -0.105360515657826 -0.105360515657826 -0.22314355131421
-0.22314355131421 -0.22314355131421 -0.356674943938732 -0.105360515657826 -0.105360515657826 -0.105360515657826
1.98787434815435 0.741937344729377 999 999 0.336472236621213 0.53062825106217
5.29831736654804 1.09861228866811 -0.22314355131421 -0.105360515657826 0.262364264467491 -0.693147180559945
0.0953101798043249 0 -0.105360515657826 0.182321556793955 0.0953101798043249 -0.22314355131421
0.832909122935104 1.22377543162212 5.99146454710798 0.916290731874155 0.336472236621213 1.88706964903238
-0.105360515657826 0.182321556793955 0.262364264467491 0 0.182321556793955 0
5.29831736654804 1.02961941718116 0.262364264467491 -0.105360515657826 0.182321556793955 -0.693147180559945
5.29831736654804 1.06471073699243 0.993251773010283 0 0.262364264467491 -0.356674943938732
5.29831736654804 2.30258509299405 3.61091791264422 1.25276296849537 0.832909122935104 0.182321556793955
5.29831736654804 1.80828877117927 3.55534806148941 0.8754687373539 0.470003629245736 0.262364264467491
5.29831736654804 1.09861228866811 -1.20397280432594 -0.22314355131421 0.405465108108164 -0.510825623765991
1.06471073699243 0.53062825106217 3.93182563272433 0.587786664902119 0.182321556793955 0.405465108108164
5.29831736654804 1.30833281965018 1.7404661748405 0.470003629245736 0.336472236621213 0.182321556793955
1.1314021114911 -0.105360515657826 -0.916290731874155 -0.105360515657826 -0.356674943938732 -0.693147180559945
5.29831736654804 2.09186406167839 4.82028156560504 0.916290731874155 0.78845736036427 0.741937344729377
5.29831736654804 1.6094379124341 3.13549421592915 0.336472236621213 0.336472236621213 0.182321556793955
5.29831736654804 1.93152141160321 1.22377543162212 1.06471073699243 0.916290731874155 -0.693147180559945
5.29831736654804 2.89037175789616 5.99146454710798 2.02814824729229 1.91692261218206 1.93152141160321
5.29831736654804 2.00148000021012 1.75785791755237 0.693147180559945 0.916290731874155 -0.510825623765991
-0.22314355131421 0.336472236621213 2.39789527279837 0.0953101798043249 -0.105360515657826 0.587786664902119
5.29831736654804 1.02961941718116 -0.693147180559945 -0.356674943938732 0.0953101798043249 -0.693147180559945
5.29831736654804 1.41098697371026 -0.693147180559945 -0.105360515657826 0.405465108108164 -0.510825623765991
5.29831736654804 2.99573227355399 -0.510825623765991 0.182321556793955 1.06471073699243 -0.356674943938732
5.29831736654804 0.993251773010283 -0.916290731874155 -0.356674943938732 0.336472236621213 -0.916290731874155
-0.105360515657826 -0.105360515657826 0.182321556793955 0.0953101798043249 -0.105360515657826 -0.105360515657826
-0.22314355131421 -0.22314355131421 0.182321556793955 -0.22314355131421 -0.105360515657826 -0.105360515657826
5.29831736654804 1.7227665977411 1.58923520511658 0.470003629245736 0.53062825106217 0.0953101798043249
5.29831736654804 1.68639895357023 1.75785791755237 0.53062825106217 0.470003629245736 -0.510825623765991
5.29831736654804 1.68639895357023 1.75785791755237 0.53062825106217 0.470003629245736 -0.510825623765991
5.29831736654804 0.955511445027436 0.0953101798043249 -0.105360515657826 0.0953101798043249 -0.22314355131421
-0.22314355131421 -0.356674943938732 -0.105360515657826 -0.105360515657826 0.0953101798043249 -0.105360515657826
0.262364264467491 0.0953101798043249 0 0 0.0953101798043249 0.0953101798043249
-0.510825623765991 -0.22314355131421 -1.20397280432594 0 0 -0.356674943938732
5.29831736654804 0.8754687373539 -0.693147180559945 -0.22314355131421 0.53062825106217 -0.510825623765991
5.29831736654804 1.70474809223843 3.68887945411394 0.641853886172395 0.336472236621213 0.470003629245736
1.30833281965018 0.693147180559945 2.63905732961526 0.741937344729377 0.470003629245736 0.405465108108164
-0.510825623765991 -0.105360515657826 -0.105360515657826 0 -0.22314355131421 -0.105360515657826
-0.356674943938732 -0.356674943938732 -0.105360515657826 -0.105360515657826 -0.356674943938732 -0.105360515657826
5.29831736654804 1.82454929205105 0.993251773010283 0.993251773010283 0.641853886172395 -0.105360515657826
-0.105360515657826 -0.22314355131421 -0.356674943938732 -0.22314355131421 0 -0.356674943938732
5.29831736654804 1.90210752639692 2.27212588550934 0.641853886172395 0.53062825106217 0.336472236621213
0.8754687373539 0.741937344729377 3.2188758248682 0.693147180559945 0.262364264467491 0.693147180559945
5.29831736654804 2.484906649788 4.06044301054642 1.16315080980568 0.8754687373539 0.470003629245736
0.993251773010283 0.741937344729377 1.7404661748405 0.470003629245736 0.182321556793955 0.336472236621213
5.29831736654804 1.6094379124341 1.79175946922805 -0.105360515657826 0.182321556793955 0
