1 8
1 12
1 16
1 20
2 9
2 20
2 22
3 3
3 7
3 14
3 19
4 4
4 5
4 8
4 16
4 17
4 19
4 20
5 9
5 13
5 19
5 22
6 1
6 4
6 5
6 7
6 11
6 14
6 20
6 24
7 1
7 9
7 13
7 16
7 20
8 9
8 13
8 22
9 16
9 17
9 19
10 1
10 9
10 22
11 5
11 11
11 14
11 17
11 18
11 20
13 11
13 14
13 18
14 16
14 17
14 19
15 5
15 7
16 12
16 13
16 14
16 22
18 4
18 7
19 12
19 16
19 19
20 11
20 18
20 20
21 1
21 6
21 9
21 22
22 5
22 11
22 14
22 18
23 14
23 17
23 18
24 7
24 23
25 16
25 19
26 24
27 1
27 9
27 16
27 19
27 20
28 1
28 4
28 5
28 7
28 11
28 18
29 4
29 5
29 7
29 11
30 11
30 14
30 18
31 9
31 12
31 18
31 20
31 22
32 5
32 11
32 14
32 17
32 18
32 20
33 1
33 5
33 7
33 22
34 9
34 12
35 1
35 5
35 7
35 9
35 11
35 12
35 13
35 16
35 17
35 18
35 20
35 22
35 24
36 1
36 4
36 5
36 7
36 11
36 17
36 24
37 6
37 9
37 12
37 13
37 22
38 3
38 6
38 18
38 25
39 1
39 4
39 5
39 7
39 9
39 11
39 12
39 13
39 14
39 16
39 18
39 19
39 20
39 22
39 24
40 1
40 4
40 5
40 6
40 8
40 11
40 12
40 17
40 19
40 22
40 24
41 9
41 12
41 13
42 5
42 7
42 11
43 1
43 4
43 5
43 8
43 11
43 13
43 14
43 17
43 18
43 19
43 20
44 1
44 4
44 5
44 24
45 5
45 7
45 18
45 23
46 5
46 9
46 11
46 12
46 13
46 17
47 6
47 9
47 12
47 14
47 22
48 1
48 5
48 6
48 12
48 16
48 19
48 20
48 22
48 24
49 5
49 11
49 17
49 18
50 4
50 6
50 9
50 13
50 14
50 22
50 24
51 7
51 23
52 1
52 12
52 16
52 19
53 1
53 4
53 5
53 7
53 11
53 17
54 8
54 9
54 14
56 3
56 8
56 25
57 4
57 11
57 14
58 6
58 7
58 9
58 14
58 19
58 20
59 12
59 16
59 19
59 24
60 1
60 9
60 13
60 22
61 6
61 12
62 1
62 7
62 16
62 22
63 9
63 11
63 12
63 22
64 8
64 11
64 13
64 14
64 16
64 18
64 20
64 25
65 5
65 11
65 14
65 18
66 11
66 14
66 17
66 18
66 19
66 27
67 1
67 4
67 5
67 7
67 8
67 11
67 14
67 19
67 20
67 22
67 27
68 4
68 7
68 9
68 11
68 14
68 18
68 19
68 20
68 24
69 1
69 4
69 5
69 7
69 8
69 9
69 11
69 14
69 16
69 19
69 20
69 24
69 25
69 28
70 1
70 5
70 7
70 11
70 14
70 17
70 18
70 19
70 20
70 27
71 12
71 23
72 5
72 7
72 11
72 18
72 19
72 20
73 11
73 12
73 13
73 17
73 18
73 24
74 6
74 9
74 12
74 19
74 22
75 1
75 9
75 12
75 13
75 19
75 20
75 22
75 24
76 4
76 14
76 22
77 6
77 12
78 11
78 18
79 1
79 4
79 5
79 11
80 6
80 12
80 16
80 19
82 5
82 11
82 14
82 18
83 7
83 11
83 18
83 19
84 9
84 14
84 20
84 22
85 8
85 11
85 12
85 17
85 18
86 4
86 5
86 14
86 19
86 24
87 12
87 24
88 3
88 7
88 19
88 22
88 23
89 5
89 11
90 1
90 6
90 9
90 12
90 22
91 5
91 8
91 11
91 14
91 17
91 18
92 6
92 9
92 12
92 19
92 22
93 7
93 18
94 9
94 12
94 13
94 22
95 16
95 17
95 19
95 20
96 8
96 9
96 12
96 14
96 18
98 1
98 5
98 7
98 16
98 19
99 24
100 6
100 9
100 11
100 12
100 18
101 1
101 4
101 5
101 7
101 8
101 9
101 11
101 14
101 16
101 17
101 18
101 19
101 20
101 22
102 5
102 7
102 8
102 11
102 12
102 13
102 14
102 17
102 18
102 23
102 24
103 8
103 11
103 14
103 17
103 18
103 19
104 8
104 11
104 14
104 17
104 18
105 1
105 12
105 16
105 19
105 20
106 1
106 9
106 12
106 13
106 22
107 1
107 11
107 16
107 17
107 19
107 20
108 9
108 22
109 9
109 12
109 17
109 23
109 24
110 4
110 7
110 14
111 1
111 7
111 9
111 12
111 13
111 22
111 23
111 24
112 4
112 5
112 7
112 19
112 22
113 4
113 5
113 14
114 1
114 5
115 3
115 6
115 8
115 25
116 6
116 12
116 25
117 1
117 16
117 19
117 24
118 3
118 9
118 13
118 22
119 9
119 12
119 16
119 19
120 12
121 1
121 3
121 4
121 5
121 7
121 8
121 11
121 12
121 14
121 25
122 1
122 4
122 5
122 7
122 9
122 11
122 16
122 17
122 18
122 22
122 24
123 4
123 5
123 7
123 9
123 11
123 14
123 17
123 19
123 24
123 25
123 27
124 6
124 12
124 19
124 27
125 7
125 11
125 18
125 19
125 27
126 11
126 14
126 18
126 27
127 3
127 4
127 6
127 14
127 24
127 25
127 27
128 1
128 27
129 1
129 5
129 19
129 22
129 27
130 3
130 6
130 9
130 12
130 27
131 1
131 9
131 16
131 18
131 19
131 20
131 27
132 9
132 11
132 12
132 20
132 22
132 27
133 27
134 3
134 7
134 9
134 13
134 14
134 16
134 18
134 19
134 20
134 27
135 1
135 5
135 9
135 11
135 12
135 13
135 16
135 18
135 20
135 22
135 24
135 27
136 1
136 4
136 5
136 6
136 8
136 9
136 11
136 14
136 16
136 19
136 20
136 25
136 27
137 8
137 9
137 11
137 13
137 14
137 18
137 19
137 20
137 25
137 27
138 1
138 4
138 5
138 7
138 11
138 14
138 17
138 18
138 20
138 22
138 24
138 25
138 27
139 1
139 9
139 11
139 13
139 16
139 18
139 19
139 20
139 22
139 27
140 16
140 17
140 19
140 20
140 27
141 1
141 5
141 7
141 18
141 22
141 27
142 1
142 4
142 6
142 9
142 11
142 12
142 13
142 16
142 19
142 20
142 22
142 24
142 27
143 9
143 11
143 14
143 18
143 19
143 20
143 23
143 24
144 3
144 6
144 8
144 11
144 14
144 19
144 25
145 5
145 11
145 12
145 13
145 17
145 18
145 22
146 6
146 14
146 19
146 24
146 25
147 8
147 9
147 11
147 14
147 19
147 20
148 5
148 7
148 12
148 22
149 6
149 8
149 9
149 12
149 14
149 16
149 17
149 18
149 20
149 22
150 1
150 8
150 16
150 17
150 18
150 19
150 20
151 8
151 11
151 12
151 13
151 17
151 24
152 5
152 7
152 11
152 18
152 22
152 23
153 3
153 7
153 12
153 13
153 18
153 22
153 23
154 5
154 11
154 17
154 18
155 7
155 18
156 6
156 12
156 16
156 19
157 1
157 16
157 17
157 19
158 1
158 7
158 19
158 20
159 9
159 11
159 12
159 13
159 18
159 19
159 22
160 3
160 6
160 12
160 19
161 16
161 17
161 18
162 1
162 3
162 4
162 5
162 6
162 7
162 8
162 14
162 18
162 19
162 20
162 23
162 24
162 25
163 1
163 3
163 7
163 9
163 19
163 20
164 9
164 12
164 13
164 18
164 19
165 1
165 7
165 9
165 12
165 13
165 18
165 20
166 5
166 9
166 11
166 14
166 16
166 17
166 18
166 20
167 9
167 12
167 13
167 22
168 6
168 12
168 18
168 19
169 1
169 4
169 5
169 7
169 11
169 18
169 24
170 8
170 12
170 16
170 19
170 20
171 3
171 6
171 9
171 12
171 25
172 7
172 9
172 11
172 18
172 24
173 1
173 4
173 5
173 8
173 9
173 11
173 12
173 13
173 14
173 17
173 18
173 19
173 20
173 22
173 24
173 25
174 1
174 4
174 5
174 7
174 8
174 11
174 12
174 14
174 16
174 17
174 18
174 24
175 4
175 8
175 14
175 25
176 1
176 16
176 17
176 18
176 19
176 20
177 4
177 5
177 7
177 14
177 19
177 25
178 6
178 9
178 12
178 13
178 18
178 20
178 22
179 1
179 4
179 5
179 6
179 7
179 9
179 12
179 13
179 20
179 22
180 9
180 12
180 22
180 24
181 3
181 4
181 6
181 7
181 9
181 14
181 19
181 22
181 24
181 25
182 8
182 9
182 11
182 12
182 14
182 16
182 17
182 18
182 19
184 9
184 13
184 22
185 4
185 22
186 4
186 25
187 6
187 9
187 12
187 19
187 23
188 3
188 6
188 8
188 9
188 12
188 24
188 25
189 9
189 12
189 22
190 1
190 3
190 5
190 7
190 17
190 18
190 19
190 20
190 22
191 3
191 16
191 19
191 20
192 4
192 5
192 8
192 11
192 14
192 25
193 6
193 12
194 1
194 4
194 5
194 7
194 11
194 20
195 9
195 11
195 12
195 13
195 18
195 20
195 22
196 4
196 5
196 7
196 11
196 17
196 18
197 5
197 8
197 11
197 12
197 14
197 16
197 17
197 18
198 5
198 8
198 25
199 1
199 7
199 11
199 18
199 19
199 20
200 1
200 4
200 5
200 7
200 9
200 11
200 12
200 13
200 14
200 16
200 17
200 18
200 19
200 20
200 22
200 24
201 5
201 9
201 11
201 14
201 18
201 20
201 25
202 9
202 12
202 13
202 20
202 22
203 1
203 4
203 5
203 7
203 11
203 14
203 17
203 18
203 20
203 22
204 1
204 4
204 5
204 7
204 11
204 17
204 22
204 24
205 6
205 12
205 13
205 16
205 22
205 24
206 9
206 11
206 13
206 18
206 19
206 24
207 1
207 4
207 5
207 7
207 8
207 11
207 14
207 16
207 17
207 18
207 19
207 20
207 22
207 24
208 4
208 6
208 8
208 12
208 25
209 12
209 13
210 3
210 4
210 5
210 6
210 12
210 13
210 18
210 19
210 23
210 25
211 1
211 4
211 5
211 7
211 8
211 9
211 11
211 14
211 17
211 18
211 19
211 20
211 24
212 3
212 7
212 12
212 13
212 17
212 18
212 19
212 23
212 24
213 7
213 18
214 6
214 9
214 12
214 13
214 25
215 1
215 3
215 4
215 5
215 6
215 8
215 9
215 12
215 14
215 16
215 19
215 20
215 22
215 24
215 25
216 9
216 12
216 18
216 20
216 24
217 6
217 16
217 19
217 25
218 4
218 5
218 14
218 18
218 25
219 1
219 4
219 5
219 7
219 8
219 11
219 14
219 17
219 18
219 19
219 20
219 23
219 24
220 9
220 11
220 12
220 18
220 20
221 3
221 6
221 8
221 9
221 12
221 14
221 18
221 25
222 8
222 12
222 17
222 18
222 25
223 5
223 9
223 11
223 12
223 14
223 17
223 18
223 20
224 4
224 5
224 11
224 14
224 22
225 8
225 16
225 19
226 8
226 16
226 19
227 3
227 6
227 12
227 25
228 3
228 6
228 7
228 8
228 9
228 11
228 12
228 14
228 16
228 17
228 18
228 19
228 22
228 24
228 25
229 7
229 18
229 23
230 9
230 11
230 12
230 13
230 22
231 4
231 5
231 7
231 19
232 8
232 25
233 5
233 7
233 11
233 22
234 9
234 12
234 16
235 8
235 12
235 18
235 25
236 12
236 16
236 18
236 19
237 4
237 5
237 7
237 14
237 25
238 9
238 11
238 12
238 14
238 17
238 18
238 19
238 20
239 9
239 24
240 1
240 5
240 9
240 11
240 19
240 20
241 1
241 9
241 12
241 13
241 22
242 8
242 11
242 12
242 17
242 18
242 24
243 1
243 12
243 16
243 17
243 19
243 20
244 9
244 11
244 13
244 22
245 1
245 5
245 7
245 8
245 9
245 11
245 12
245 13
245 14
245 17
245 18
245 19
245 20
245 22
246 9
247 1
247 16
247 19
248 3
248 4
248 5
248 11
248 14
248 17
248 22
249 11
249 17
249 18
249 20
250 4
250 5
250 7
250 14
250 19
250 22
250 24
251 3
251 4
251 8
251 9
251 14
251 17
251 19
251 20
252 3
252 23
253 16
253 20
254 7
254 22
255 8
255 9
255 14
256 7
257 9
257 12
257 20
258 24
259 11
259 13
260 6
260 9
260 12
261 1
261 7
261 9
261 11
261 18
261 22
261 24
263 11
263 18
265 4
265 14
265 25
268 7
268 19
269 5
269 8
269 17
269 18
270 6
270 9
270 12
270 13
270 22
271 16
272 1
272 7
272 16
272 17
272 19
272 20
273 5
273 7
273 18
274 9
274 19
274 20
274 22
275 9
275 11
275 17
275 18
276 1
276 9
276 11
276 20
276 22
277 11
277 17
277 18
277 24
278 5
278 8
278 11
278 14
278 17
278 19
278 25
279 6
279 12
280 18
281 5
281 11
281 12
281 18
281 24
282 3
282 6
282 9
282 11
282 12
283 6
283 9
283 12
284 5
284 11
284 18
284 19
284 22
284 24
285 1
285 7
285 24
286 1
286 7
286 14
286 16
286 20
286 22
286 24
287 5
287 11
287 17
287 18
288 1
288 7
288 16
288 19
288 20
288 22
289 6
289 12
289 22
289 24
290 4
290 16
291 1
291 4
291 5
291 7
291 24
292 9
292 20
292 22
293 9
293 11
293 12
293 13
293 22
293 24
294 1
294 9
294 12
294 16
294 17
294 19
294 20
294 22
295 13
295 24
296 19
296 20
296 24
297 1
297 4
297 5
297 7
297 11
297 14
297 16
297 17
297 18
297 20
297 22
297 24
298 1
298 4
298 5
298 24
299 1
299 7
299 16
300 4
300 5
300 17
301 9
301 12
301 13
301 22
301 23
302 4
302 24
303 12
303 16
303 23
304 1
304 5
304 7
304 17
304 19
305 11
306 20
307 5
308 5
308 7
308 22
310 9
310 12
310 17
311 11
311 18
312 1
312 4
312 5
312 17
312 22
313 1
313 20
314 13
315 24
317 1
317 22
318 6
318 25
319 14
320 4
320 5
321 19
322 1
322 12
322 19
322 20
323 18
324 4
324 5
324 7
324 13
325 9
326 9
326 13
326 18
326 22
327 20
327 22
328 4
328 22
329 9
329 12
329 22
330 8
330 16
330 17
333 5
333 7
334 3
334 4
334 5
334 8
334 12
334 14
334 17
334 18
334 25
335 4
335 5
335 19
338 19
342 6
345 17
346 25
347 18
348 9
348 14
356 11
356 18
357 9
357 13
357 18
357 19
357 20
357 22
357 24
358 11
358 18
359 19
360 1
360 20
365 9
366 11
366 18
367 12
369 1
369 9
370 4
370 5
371 1
371 22
372 9
374 18
375 22
376 19
376 20
376 22
377 1
377 13
379 7
381 9
385 18
386 1
386 9
386 20
388 11
388 18
390 11
390 18
395 18
396 4
399 4
399 5
399 7
400 1
400 19
400 20
400 22
403 1
403 13
404 4
431 11
431 18
435 1
435 5
435 9
437 22
440 25
446 19
447 19
448 7
452 22
460 14
461 11
468 16
468 20
470 1
470 14
471 14
480 5
483 25
491 12
491 19
506 12
508 19
512 17
519 14
530 18
534 20
547 18
548 9
550 7
554 14
554 19
554 20
556 9
556 22
558 18
559 9
