2 22
2 24
3 6
3 9
3 12
3 22
4 1
4 14
4 16
4 19
4 20
5 6
5 8
5 9
5 12
5 22
5 25
6 3
6 6
6 7
6 12
6 18
6 19
6 22
6 23
6 24
7 1
7 5
7 11
7 12
7 17
7 24
8 7
8 16
8 17
8 18
8 19
8 24
9 1
9 8
9 16
9 17
9 19
9 24
10 3
10 6
10 8
10 9
10 12
10 13
10 18
10 19
10 20
10 22
10 24
10 25
11 1
11 6
11 7
11 9
11 12
11 20
11 22
12 1
12 4
12 5
12 9
12 11
12 13
12 14
12 16
12 17
12 18
12 19
12 20
12 22
13 1
13 5
13 7
13 9
13 12
13 13
13 18
13 22
14 5
14 7
14 9
14 11
14 12
14 13
14 14
14 18
14 19
14 20
14 24
15 5
15 7
15 9
15 11
15 12
15 13
15 14
15 18
15 20
15 22
16 1
16 5
16 7
16 11
16 12
16 18
16 19
16 22
16 23
16 24
17 4
17 5
17 7
18 1
18 5
18 8
18 9
18 11
18 12
18 16
18 17
18 18
18 25
19 5
19 6
19 9
19 12
19 13
19 16
19 17
19 18
19 19
19 20
19 22
19 23
19 24
20 1
20 5
20 7
20 9
20 11
20 12
20 13
20 14
20 18
20 20
20 22
20 24
21 4
21 5
21 11
21 12
21 17
21 22
22 1
22 6
22 16
22 19
22 20
22 22
23 6
23 9
23 12
23 16
24 6
24 9
24 11
24 12
24 13
24 19
25 4
25 5
25 14
26 1
26 9
26 11
26 20
27 5
27 7
28 1
28 5
28 16
29 4
29 5
29 7
29 14
29 22
30 4
30 14
31 1
31 19
31 20
32 1
32 9
32 22
33 5
33 6
33 9
33 12
33 13
33 19
33 22
33 24
34 1
34 4
34 5
34 6
34 11
34 14
34 16
34 17
34 18
34 20
34 22
35 1
35 4
35 5
35 7
35 8
35 11
35 14
35 17
35 19
35 24
36 1
36 9
36 12
36 13
36 20
36 22
37 1
37 3
37 4
37 5
37 7
37 8
37 9
37 11
37 14
37 16
37 17
37 18
37 19
37 20
37 22
37 24
37 25
38 3
38 6
38 9
38 12
38 13
38 22
38 23
39 11
39 12
39 16
39 17
39 18
39 19
39 20
40 5
40 7
40 18
41 1
41 5
41 7
41 8
41 9
41 11
41 14
41 16
41 18
42 12
42 18
42 19
42 23
43 5
43 9
43 11
43 16
43 17
43 18
43 19
43 20
44 12
44 16
44 17
45 9
45 11
45 12
45 13
45 14
45 17
45 18
45 22
46 9
46 12
46 13
46 19
46 20
46 22
46 24
47 1
47 5
47 9
47 13
47 22
48 1
48 5
48 7
48 9
48 12
48 13
48 17
48 19
48 20
48 22
48 23
49 5
49 7
49 18
50 9
50 12
50 13
50 22
51 1
51 7
51 18
52 1
52 7
52 18
52 19
53 6
53 9
53 12
53 25
54 1
54 3
54 9
54 12
54 13
54 16
54 19
54 20
54 22
54 24
55 11
55 14
55 17
55 18
55 20
56 1
56 9
56 22
57 7
57 11
57 18
58 1
58 4
58 5
58 8
58 11
58 16
58 17
59 3
59 6
59 8
59 19
59 25
60 4
60 5
60 8
60 11
60 14
60 17
60 19
60 24
61 4
61 5
61 7
61 8
61 11
61 14
61 16
61 17
61 18
61 20
62 9
62 13
62 22
63 1
63 3
63 4
63 5
63 6
63 8
63 9
63 11
63 12
63 14
63 16
63 17
63 18
63 19
63 20
63 22
63 24
64 9
64 12
64 13
64 20
64 22
64 24
65 4
65 5
65 7
65 11
65 24
66 6
66 9
66 12
66 14
66 20
66 22
67 3
67 4
67 5
67 6
67 7
67 8
67 12
67 13
67 14
67 19
67 23
67 25
68 4
68 5
68 7
68 23
69 3
69 4
69 8
69 11
69 14
69 16
69 17
69 18
69 24
69 25
70 5
70 11
70 14
70 17
70 18
70 20
71 1
71 6
71 9
71 12
71 13
71 14
71 20
71 22
71 24
72 5
72 6
72 9
72 11
72 12
72 13
72 14
72 17
72 18
72 20
72 22
72 24
72 25
73 1
73 3
73 4
73 7
73 14
73 19
73 20
73 22
74 1
74 4
74 5
74 11
74 16
74 18
74 19
74 20
75 9
75 22
76 12
76 22
77 7
77 9
77 12
77 13
77 17
77 20
77 22
78 7
78 18
79 1
79 4
79 7
79 8
79 14
79 16
79 17
79 19
79 20
80 1
80 11
80 16
80 19
80 20
82 1
82 3
82 6
82 9
82 12
82 13
82 19
82 20
82 22
83 4
83 11
83 14
83 19
83 25
84 1
84 3
84 9
84 20
84 22
85 6
85 9
85 11
85 12
85 13
85 14
85 19
85 22
86 7
86 18
86 24
87 7
87 9
87 11
87 18
87 20
88 4
88 7
88 14
88 19
88 20
88 25
89 6
89 9
89 12
89 13
89 16
89 17
89 20
89 22
89 24
90 9
90 12
90 13
90 22
90 23
91 1
91 6
91 14
91 19
91 20
92 4
92 5
92 8
92 11
92 14
92 17
92 18
92 24
93 6
93 9
93 12
93 13
93 22
94 3
94 4
94 7
94 14
94 18
94 19
94 23
95 3
95 6
95 12
95 22
95 25
96 9
96 16
96 19
96 20
97 9
98 4
98 9
98 11
98 14
98 22
99 6
99 9
99 22
