0.832909122935104 999 3.48737507790321 999 3.15273602236366 3.94352167248752 3.63230910262554
4.33073334028633 999 4.87519732320115 5.29831736654804 3.91202300542815 5.29831736654804 5.04985600724954
1.02961941718116 999 2.484906649788 999 4.60517018598809 3.71357206670431 4.98086313576259
1.87180217690159 2.21920348405499 0.741937344729377 1.66770682055808 1.6094379124341 3.58351893845611 2.56494935746154
2.11625551480255 999 4.60517018598809 999 5.08202529018293 5.13697421613927 4.60517018598809
4.40671924726425 4.31748811353631 5.99146454710798 5.99146454710798 4.51085950651685 5.99146454710798 5.99146454710798
0.832909122935104 999 2.484906649788 999 2.39789527279837 4.13035499974513 5.99146454710798
-0.693147180559945 999 -0.693147180559945 -0.693147180559945 -0.510825623765991 -0.693147180559945 -0.356674943938732
3.49650756146648 3.63758615972639 2.94443897916644 4.49980967033027 2.23001440015921 4.69134788222914 4.30406509320417
2.70136121295141 999 3.10458667846607 999 3.74242022104197 4.65205377188694 3.71357206670431
2.04122032885964 999 4.24276456734037 3.66356164612965 4.70772677431318 999 2.45100509811232
1.16315080980568 999 3.72569342723665 3.89792408104864 4.3267781604434 5.17501915020354 3.48124008933569
1.02961941718116 999 3.88977739648083 999 4.3907385752759 4.80155899999348 3.74004774068834
2.17475172148416 999 2.24070968927596 3.55534806148941 2.77258872223978 4.47733681447821 3.49650756146648
1.80828877117927 2.30258509299405 3.3322045101752 2.39789527279837 3.71357206670431 3.58351893845611 4.17438726989564
2.63905732961526 2.2512917986065 3.71357206670431 3.68887945411394 3.76120011569356 4.23410650459726 0.78845736036427
1.43508452528932 999 3.22684399451738 3.22684399451738 3.9740583963476 5.24702407216049 3.50254987592244
2.26176309847379 3.61091791264422 2.89037175789616 3.61091791264422 2.63905732961526 4.12713438504509 3.52636052461616
1.82454929205105 999 2.484906649788 999 2.32238772029023 4.32413265625498 5.99146454710798
1.25276296849537 999 1.48160454092422 999 1.82454929205105 2.15176220325946 0.0953101798043249
1.1314021114911 999 2.16332302566054 999 3.46573590279973 2.68784749378469 2.82731362192903
0.182321556793955 999 -0.356674943938732 999 1.28093384546206 0.53062825106217 0.262364264467491
-0.105360515657826 0 0.182321556793955 -0.22314355131421 0.832909122935104 0 0
2.39789527279837 3.61091791264422 2.99573227355399 2.70805020110221 3.93182563272433 4.27666611901606 5.82894561761021
0 999 4.46590811865458 2.77258872223978 5.6937321388027 3.13549421592915 4.26267987704132
3.43398720448515 5.88610403145016 5.29831736654804 5.75574221358691 5.29831736654804 5.29831736654804 5.66988092298052
3.73766961828337 4.56434819146784 3.04452243772342 3.29583686600433 5.29831736654804 4.39444915467244 5.29831736654804
0.53062825106217 0.587786664902119 1.19392246847243 0.0953101798043249 1.64865862558738 1.19392246847243 1.33500106673234
1.09861228866811 3.46573590279973 3.55534806148941 3.46573590279973 3.36729582998647 3.71357206670431 5.0998664278242
2.2512917986065 2.99573227355399 2.10413415427021 2.39789527279837 4.27666611901606 1.90210752639692 3.8286413964891
3.43398720448515 999 4.07753744390572 999 5.04985600724954 5.99146454710798 5.99146454710798
0.405465108108164 999 0 999 0.78845736036427 0.587786664902119 0.0953101798043249
-0.22314355131421 999 -0.22314355131421 -0.356674943938732 0 0 -0.22314355131421
1.3609765531356 999 3.00568260440716 999 3.07269331469012 4.30541553230204 2.21920348405499
-2.30258509299405 999 0 -0.693147180559945 1.06471073699243 -0.510825623765991 -0.510825623765991
999 999 5.04857313343665 4.30000279919529 4.21508617991823 5.17048399503815 5.34089781408315
-0.356674943938732 999 -0.22314355131421 999 -0.22314355131421 -0.105360515657826 0.0953101798043249
0.993251773010283 3.04452243772342 3.17805383034795 1.80828877117927 3.73766961828337 3.36729582998647 4.88280192258637
2.70805020110221 3.63758615972639 3.2188758248682 4.44265125649032 3.91202300542815 5.99146454710798 2.24070968927596
3.66356164612965 999 2.89037175789616 999 3.87120101090789 4.43081679884331 4.86753445045558
4.11087386417331 4.49980967033027 3.66356164612965 5.99146454710798 3.93182563272433 5.99146454710798 5.21493575760899
999 999 3.04452243772342 2.01490302054226 4.00733318523247 3.98898404656427 4.44265125649032
1.48160454092422 999 1.64865862558738 999 2.15176220325946 2.14006616349627 1.22377543162212
0.955511445027436 999 3.8286413964891 3.40119738166216 4.07753744390572 4.07753744390572 5.77455154554441
1.58923520511658 2.70805020110221 2.89037175789616 1.77495235091167 3.17805383034795 3.29583686600433 4.29045944114839
2.30258509299405 -0.356674943938732 0.0953101798043249 1.38629436111989 0.832909122935104 1.30833281965018 0.405465108108164
-0.22314355131421 0.182321556793955 0.0953101798043249 -0.356674943938732 0.470003629245736 -0.22314355131421 -0.105360515657826
1.3609765531356 0.587786664902119 0.832909122935104 0.955511445027436 0.916290731874155 1.85629799036563 0.641853886172395
2.70805020110221 3.63758615972639 3.2188758248682 4.44265125649032 3.91202300542815 5.7037824746562 2.24070968927596
999 999 0.182321556793955 0.182321556793955 1.09861228866811 0.470003629245736 0
0.336472236621213 -0.105360515657826 0 -0.22314355131421 0.470003629245736 0.182321556793955 -0.22314355131421
0.0953101798043249 999 1.09861228866811 0.262364264467491 1.77495235091167 0.587786664902119 0.0953101798043249
999 999 -0.22314355131421 -0.22314355131421 0.182321556793955 0.182321556793955 -0.356674943938732
0.832909122935104 999 1.84054963339749 3.25809653802148 2.70805020110221 4.17438726989564 2.99573227355399
1.82454929205105 999 1.6094379124341 3.04452243772342 2.83321334405622 4.34380542185368 3.63758615972639
1.30833281965018 1.96009478404727 1.88706964903238 2.56494935746154 2.29253475714054 4.14313472639153 3.17805383034795
-0.105360515657826 999 0 0 0.336472236621213 -0.105360515657826 -0.105360515657826
3.8286413964891 4.35670882668959 3.8286413964891 4.57471097850338 4.07753744390572 5.7037824746562 5.99146454710798
1.54756250871601 3.36729582998647 3.2188758248682 3.52636052461616 3.3322045101752 3.80666248977032 4.99043258677874
2.11625551480255 4.36944785246702 2.77258872223978 2.484906649788 5.99146454710798 4.24849524204936 5.99146454710798
4.06044301054642 1.7227665977411 3.73766961828337 5.99146454710798 3.13549421592915 5.99146454710798 1.85629799036563
0.693147180559945 999 3.17805383034795 2.99573227355399 4.27666611901606 4.29045944114839 3.29583686600433
4.23410650459726 4.04305126783455 3.04452243772342 3.49650756146648 3.85014760171006 4.23410650459726 1.25276296849537
0.405465108108164 1.84054963339749 2.11625551480255 2.39789527279837 2.484906649788 3.2188758248682 0.78845736036427
2.39789527279837 999 3.73766961828337 3.78418963391826 4.26267987704132 4.43081679884331 0.993251773010283
0.741937344729377 2.77258872223978 2.484906649788 3.09104245335832 2.70805020110221 2.99573227355399 4.40671924726425
0.741937344729377 999 3.10009228887823 2.05412373369555 3.20680324363393 3.86702563949741 4.65205377188694
-0.22314355131421 1.02961941718116 1.16315080980568 0.405465108108164 1.25276296849537 1.43508452528932 -0.105360515657826
4.11087386417331 999 3.63758615972639 4.17438726989564 4.18965474202643 4.06044301054642 3.71357206670431
999 999 3.25809653802148 3.2188758248682 3.61091791264422 4.4188406077966 2.00148000021012
2.01490302054226 999 3.04452243772342 1.84054963339749 4.12713438504509 2.89037175789616 3.49650756146648
2.27212588550934 4.12713438504509 3.89182029811063 3.46573590279973 4.14313472639153 5.01727983681492 4.04305126783455
999 999 2.11625551480255 1.09861228866811 3.09104245335832 1.77495235091167 1.22377543162212
999 999 2.77258872223978 2.99573227355399 3.61091791264422 4.62497281328427 2.06686275947298
1.79175946922805 1.02961941718116 2.09186406167839 2.30258509299405 2.00148000021012 2.83321334405622 0.405465108108164
-0.916290731874155 0.693147180559945 0.641853886172395 -0.105360515657826 1.30833281965018 1.1314021114911 0.916290731874155
999 999 -0.356674943938732 -0.356674943938732 2.39789527279837 -0.510825623765991 -0.916290731874155
999 999 3.87120101090789 3.17805383034795 4.60517018598809 4.49980967033027 4.06044301054642
999 999 -0.22314355131421 0 -0.105360515657826 0.0953101798043249 -0.22314355131421
2.39789527279837 2.89037175789616 3.3322045101752 2.83321334405622 3.97029191355212 3.76120011569356 4.12713438504509
999 999 0.336472236621213 0.182321556793955 0.955511445027436 2.19722457733622 0.182321556793955
0.470003629245736 999 1.19392246847243 999 1.1314021114911 2.00148000021012 -0.693147180559945
0.182321556793955 999 0.693147180559945 0.0953101798043249 1.30833281965018 0.470003629245736 0.182321556793955
999 999 1.79175946922805 1.38629436111989 2.39789527279837 0.741937344729377 0.0953101798043249
2.2512917986065 0 3.8286413964891 4.71849887129509 2.77258872223978 3.58351893845611 -0.105360515657826
-0.916290731874155 999 -0.510825623765991 -0.510825623765991 -0.356674943938732 -0.22314355131421 -0.22314355131421
-0.916290731874155 999 -0.693147180559945 -0.916290731874155 -0.105360515657826 -0.693147180559945 -0.356674943938732
999 999 3.49650756146648 2.70805020110221 2.77258872223978 3.80666248977032 2.89037175789616
2.63905732961526 2.2082744135228 3.04452243772342 4.31748811353631 3.40119738166216 4.12713438504509 3.09104245335832
999 999 2.94443897916644 3.61091791264422 3.71357206670431 4.4188406077966 2.30258509299405
999 999 0.405465108108164 -0.105360515657826 3.85014760171006 0.262364264467491 0.832909122935104
2.70805020110221 0.53062825106217 3.55534806148941 4.78749174278205 2.39789527279837 4.00733318523247 0.693147180559945
-0.22314355131421 -0.22314355131421 -0.510825623765991 -0.356674943938732 -0.916290731874155 -0.510825623765991 -0.105360515657826
999 999 1.7227665977411 2.30258509299405 1.58923520511658 2.99573227355399 3.25809653802148
1.3609765531356 999 1.56861591791385 999 3.17805383034795 2.30258509299405 1.16315080980568
2.12823170584927 2.94443897916644 2.70805020110221 3.3322045101752 3.17805383034795 4.27666611901606 4.89034912822175
5.7037824746562 5.56068163101553 2.89037175789616 3.93182563272433 4.20469261939097 5.63478960316925 3.2188758248682
1.06471073699243 0.78845736036427 1.48160454092422 1.16315080980568 1.30833281965018 2.14006616349627 -0.510825623765991
1.80828877117927 999 2.23001440015921 999 2.94443897916644 1.70474809223843 1.33500106673234
4.23410650459726 999 4.83628190695148 5.99146454710798 5.58724865840025 5.99146454710798 4.52178857704904
999 999 -0.105360515657826 -0.356674943938732 0.262364264467491 -0.22314355131421 -0.356674943938732
2.28238238567653 3.09104245335832 2.56494935746154 1.96009478404727 5.99146454710798 2.83321334405622 3.97029191355212
1.66770682055808 999 2.17475172148416 1.66770682055808 2.79728133483015 3.19867311755068 3.16968558067743
2.484906649788 1.22377543162212 0.693147180559945 1.06471073699243 1.54756250871601 1.48160454092422 0.641853886172395
3.04452243772342 4.21950770517611 5.99146454710798 5.99146454710798 4.04305126783455 5.99146454710798 5.99146454710798
2.17475172148416 999 2.24070968927596 3.3322045101752 4.02535169073515 5.23110861685459 5.72358510195238
0.336472236621213 2.39789527279837 2.83321334405622 1.48160454092422 3.25809653802148 2.70805020110221 2.99573227355399
0.0953101798043249 0.0953101798043249 0 0 0.262364264467491 0.0953101798043249 0.182321556793955
1.68639895357023 2.70805020110221 2.94443897916644 1.97408102602201 3.52636052461616 3.78418963391826 4.24849524204936
2.83321334405622 3.25809653802148 3.04452243772342 2.63905732961526 3.25809653802148 4.24849524204936 2.56494935746154
1.48160454092422 999 2.52572864430826 999 1.09861228866811 0.641853886172395 -0.510825623765991
2.39789527279837 2.70805020110221 3.49650756146648 3.52636052461616 4.02535169073515 4.60517018598809 0.405465108108164
1.02961941718116 999 2.04122032885964 999 2.04122032885964 2.72129542785223 1.87180217690159
1.16315080980568 999 2.01490302054226 999 2.23001440015921 1.43508452528932 0.955511445027436
2.32238772029023 999 3.92592591059714 999 4.18661983833127 4.85203026391962 2.50959926237837
999 999 999 999 1.94591014905531 999 0
0.832909122935104 999 2.11625551480255 999 2.4423470353692 3.09557760852371 -0.105360515657826
1.22377543162212 999 0.993251773010283 999 1.45861502269952 2.07944154167984 -1.20397280432594
999 999 999 999 3.61091791264422 999 1.6094379124341
2.02814824729229 999 3.58073729549423 999 3.53514535417189 4.84418708645859 1.28093384546206
999 999 999 999 0.693147180559945 999 0
2.2082744135228 999 2.84490938381941 999 1.97408102602201 2.21920348405499 1.06471073699243
-1.20397280432594 999 -0.105360515657826 999 0 -0.510825623765991 -0.105360515657826
0.0953101798043249 999 0.78845736036427 999 0.53062825106217 0.78845736036427 0
999 999 999 999 0 999 0
-0.105360515657826 999 3.17805383034795 999 3.29953372788566 3.85227300102237 1.54756250871601
999 999 1.02961941718116 -0.22314355131421 2.484906649788 0.262364264467491 -0.105360515657826
1.87180217690159 999 2.39789527279837 3.55534806148941 2.99573227355399 4.14313472639153 3.2188758248682
2.70805020110221 3.29583686600433 3.46573590279973 2.56494935746154 3.36729582998647 4.06044301054642 1.50407739677627
999 999 0.587786664902119 -0.105360515657826 4.29045944114839 0.587786664902119 0.993251773010283
1.02961941718116 1.1314021114911 2.00148000021012 2.56494935746154 2.16332302566054 3.73766961828337 0.741937344729377
999 999 -0.105360515657826 -1.20397280432594 0.693147180559945 0.262364264467491 -0.22314355131421
-0.916290731874155 0.78845736036427 -0.22314355131421 -0.693147180559945 3.17805383034795 -0.356674943938732 -0.22314355131421
999 999 -1.20397280432594 -1.20397280432594 -0.916290731874155 -1.20397280432594 -0.916290731874155
0.993251773010283 1.98787434815435 2.09186406167839 2.12823170584927 3.04452243772342 1.7404661748405 2.39789527279837
0.916290731874155 1.88706964903238 1.79175946922805 0.8754687373539 4.79579054559674 0.693147180559945 2.70805020110221
2.63905732961526 3.98898404656427 3.89182029811063 4.71849887129509 4.39444915467244 5.29831736654804 3.87120101090789
1.62924053973028 999 3.1267605359604 3.51154543883102 3.54673968695281 4.34380542185368 2.18605127673809
999 999 -0.916290731874155 -0.916290731874155 2.63905732961526 -1.20397280432594 -1.20397280432594
1.16315080980568 999 3.12236492448736 0.993251773010283 4.46820433091493 1.41098697371026 2.46809953147162
3.2188758248682 1.43508452528932 1.6094379124341 2.39789527279837 2.04122032885964 2.26176309847379 0.641853886172395
1.85629799036563 -0.510825623765991 2.63905732961526 3.97029191355212 1.3609765531356 2.10413415427021 -0.356674943938732
999 999 0 -0.356674943938732 0.470003629245736 0.262364264467491 -0.105360515657826
1.91692261218206 1.50407739677627 2.30258509299405 2.16332302566054 2.39789527279837 2.77258872223978 -0.22314355131421
999 999 0.336472236621213 0.336472236621213 4.07753744390572 0.832909122935104 0.916290731874155
0 0.832909122935104 1.66770682055808 1.84054963339749 1.97408102602201 3.13549421592915 0.470003629245736
999 999 0.182321556793955 0.336472236621213 0.587786664902119 0.470003629245736 -0.105360515657826
-0.105360515657826 0.8754687373539 0.8754687373539 0.336472236621213 2.484906649788 0.587786664902119 0.741937344729377
-0.693147180559945 999 -1.20397280432594 999 -0.510825623765991 -1.20397280432594 -1.6094379124341
2.484906649788 2.484906649788 3.04452243772342 2.39789527279837 3.04452243772342 3.46573590279973 1.52605630349505
0.587786664902119 3.52636052461616 2.63905732961526 2.06686275947298 5.99146454710798 3.61091791264422 4.46590811865458
4.70048036579242 4.94875989037817 5.99146454710798 5.99146454710798 5.99146454710798 5.99146454710798 5.99146454710798
2.56494935746154 2.00148000021012 3.40119738166216 3.8286413964891 3.85014760171006 4.55387689160054 0.405465108108164
999 999 0.262364264467491 -1.20397280432594 1.68639895357023 0.741937344729377 0.182321556793955
1.30833281965018 0.832909122935104 2.26176309847379 3.40119738166216 2.484906649788 2.94443897916644 0.741937344729377
0 0.405465108108164 0.336472236621213 0 1.06471073699243 0.955511445027436 0.405465108108164
0.53062825106217 0.336472236621213 0.53062825106217 0.336472236621213 1.09861228866811 0.470003629245736 0.0953101798043249
999 999 1.25276296849537 -0.105360515657826 2.07944154167984 1.48160454092422 0.53062825106217
-0.356674943938732 0.182321556793955 0.182321556793955 -0.356674943938732 0.405465108108164 -0.105360515657826 -0.22314355131421
999 999 0.641853886172395 0.78845736036427 2.21920348405499 1.22377543162212 1.3609765531356
2.19722457733622 5.13579843705026 5.99146454710798 4.27666611901606 4.86753445045558 4.45434729625351 5.99146454710798
3.17805383034795 0.78845736036427 5.99146454710798 5.48063892334199 4.02535169073515 5.01063529409626 0.693147180559945
-1.6094379124341 1.80828877117927 1.30833281965018 -0.356674943938732 2.484906649788 -0.105360515657826 0
0 -0.105360515657826 -0.105360515657826 -0.356674943938732 0.262364264467491 0.0953101798043249 0
0.336472236621213 0.182321556793955 0.405465108108164 0.0953101798043249 0.405465108108164 -0.105360515657826 -0.356674943938732
999 999 0.470003629245736 -0.22314355131421 0.78845736036427 0 0.0953101798043249
1.50407739677627 2.63905732961526 2.77258872223978 1.85629799036563 3.09104245335832 3.93182563272433 1.58923520511658
0.0953101798043249 999 -0.510825623765991 999 0.182321556793955 0.262364264467491 -0.356674943938732
-0.693147180559945 999 -0.510825623765991 999 -0.22314355131421 -0.693147180559945 -0.510825623765991
1.38629436111989 999 2.77258872223978 999 3.52636052461616 1.70474809223843 1.77495235091167
1.66770682055808 999 2.484906649788 999 1.25276296849537 1.19392246847243 0.262364264467491
4.60517018598809 999 2.56494935746154 3.76120011569356 4.00733318523247 4.39444915467244 3.71357206670431
4.02535169073515 0.916290731874155 2.2082744135228 3.66356164612965 2.94443897916644 3.29583686600433 3.04452243772342
0.53062825106217 1.68639895357023 2.30258509299405 1.02961941718116 3.04452243772342 1.80828877117927 2.83321334405622
1.16315080980568 999 1.85629799036563 999 1.38629436111989 2.4932054526027 1.1314021114911
1.64865862558738 999 3.01062088604774 999 3.54673968695281 4.60517018598809 4.51085950651685
0.78845736036427 999 1.48160454092422 999 1.22377543162212 1.77495235091167 -0.22314355131421
-0.916290731874155 999 -0.105360515657826 999 2.40694510831829 -0.105360515657826 -0.916290731874155
0.832909122935104 999 0.182321556793955 999 0.693147180559945 0.741937344729377 0.182321556793955
-0.916290731874155 999 -0.105360515657826 999 0.832909122935104 0.587786664902119 -0.105360515657826
2.37954613413017 999 3.47196645255036 999 4.80155899999348 5.31419071570433 3.37073817417745
2.63188884013665 999 3.50254987592244 999 4.57677071146639 5.31713912078862 3.6163087612791
-2.30258509299405 999 0.741937344729377 999 2.18605127673809 0.53062825106217 -0.356674943938732
-2.30258509299405 999 1.80828877117927 999 3.04452243772342 0.405465108108164 -1.6094379124341
-2.30258509299405 999 1.1314021114911 999 2.39789527279837 0.182321556793955 0.405465108108164
-2.30258509299405 999 0.336472236621213 999 2.76000994003292 1.19392246847243 0.182321556793955
-2.30258509299405 999 1.84054963339749 999 3.39785848039664 0.336472236621213 0.587786664902119
-2.30258509299405 999 1.68639895357023 999 2.81540871942271 0.587786664902119 0.336472236621213
-2.30258509299405 999 2.02814824729229 999 3.20274644293832 1.19392246847243 0.182321556793955
-1.6094379124341 999 2.01490302054226 999 2.92316158071916 0.641853886172395 0.587786664902119
-1.6094379124341 999 1.70474809223843 999 2.71469474382088 0.405465108108164 0.693147180559945
-1.20397280432594 999 0 999 0.470003629245736 2.09186406167839 -1.20397280432594
-1.20397280432594 999 2.60268968544438 999 4.14313472639153 1.82454929205105 2.18605127673809
-1.20397280432594 999 0.182321556793955 999 3.3178157727231 -0.510825623765991 -0.916290731874155
-1.20397280432594 999 0.262364264467491 999 3.37073817417745 0.0953101798043249 0.0953101798043249
999 0.955511445027436 3.89182029811063 3.58351893845611 4.00733318523247 3.68887945411394 4.52178857704904
1.64865862558738 3.40119738166216 3.97029191355212 3.04452243772342 4.12713438504509 2.99573227355399 4.47733681447821
2.16332302566054 3.04452243772342 3.17805383034795 2.484906649788 3.52636052461616 3.36729582998647 4.04305126783455
0.53062825106217 0.641853886172395 0.993251773010283 1.54756250871601 1.22377543162212 1.38629436111989 -0.105360515657826
1.52605630349505 1.56861591791385 1.25276296849537 0.955511445027436 4.58496747867057 2.12823170584927 2.77258872223978
-0.510825623765991 -0.356674943938732 -0.22314355131421 -0.105360515657826 0 -0.105360515657826 0
-0.510825623765991 -0.510825623765991 0 999 0.693147180559945 1.66770682055808 -0.510825623765991
2.07944154167984 -0.510825623765991 0 999 0.693147180559945 1.94591014905531 0
0.693147180559945 0.693147180559945 0.693147180559945 999 3.76120011569356 0 -0.510825623765991
2.99573227355399 999 3.29583686600433 999 2.07944154167984 1.94591014905531 1.38629436111989
0.693147180559945 0.693147180559945 1.09861228866811 999 1.94591014905531 1.6094379124341 1.09861228866811
0 1.09861228866811 0.693147180559945 999 3.91202300542815 0.693147180559945 0.693147180559945
1.38629436111989 1.09861228866811 1.94591014905531 999 2.07944154167984 3.68887945411394 0.693147180559945
0 1.09861228866811 2.30258509299405 999 3.29583686600433 1.38629436111989 1.09861228866811
0 1.38629436111989 1.79175946922805 999 2.39789527279837 4.06044301054642 1.09861228866811
0.693147180559945 1.38629436111989 0.693147180559945 999 2.56494935746154 2.70805020110221 1.38629436111989
1.6094379124341 1.38629436111989 2.30258509299405 999 2.63905732961526 2.30258509299405 1.38629436111989
0 1.6094379124341 0.693147180559945 999 4.17438726989564 1.09861228866811 1.09861228866811
1.09861228866811 1.6094379124341 2.07944154167984 999 2.89037175789616 4.53259949315326 1.38629436111989
1.09861228866811 1.6094379124341 1.38629436111989 999 4.34380542185368 0.693147180559945 1.09861228866811
1.38629436111989 1.6094379124341 2.83321334405622 999 1.94591014905531 2.484906649788 0
1.09861228866811 1.79175946922805 2.56494935746154 999 2.70805020110221 3.49650756146648 1.38629436111989
1.38629436111989 1.79175946922805 2.77258872223978 999 2.94443897916644 3.68887945411394 1.38629436111989
1.38629436111989 1.79175946922805 2.70805020110221 999 2.83321334405622 3.49650756146648 1.09861228866811
1.94591014905531 2.07944154167984 2.30258509299405 999 2.30258509299405 3.61091791264422 1.38629436111989
1.6094379124341 2.19722457733622 2.39789527279837 999 2.07944154167984 2.89037175789616 2.39789527279837
1.38629436111989 2.30258509299405 2.56494935746154 999 3.04452243772342 2.83321334405622 3.13549421592915
1.6094379124341 2.484906649788 2.83321334405622 999 2.83321334405622 2.39789527279837 2.39789527279837
-2.30258509299405 2.63905732961526 0.693147180559945 999 2.56494935746154 0.693147180559945 0
1.94591014905531 2.63905732961526 3.3322045101752 999 3.55534806148941 4.44265125649032 2.19722457733622
2.07944154167984 2.77258872223978 2.94443897916644 999 2.56494935746154 3.93182563272433 2.19722457733622
2.56494935746154 3.09104245335832 3.55534806148941 999 3.71357206670431 3.52636052461616 4.40671924726425
2.484906649788 3.29583686600433 3.91202300542815 999 3.95124371858143 4.14313472639153 3.91202300542815
0.693147180559945 3.36729582998647 3.71357206670431 999 3.61091791264422 4.34380542185368 2.63905732961526
2.19722457733622 3.40119738166216 4.12713438504509 999 4.66343909411207 2.83321334405622 3.49650756146648
2.30258509299405 3.55534806148941 3.13549421592915 999 2.99573227355399 4.65396035015752 3.43398720448515
1.09861228866811 3.71357206670431 2.83321334405622 999 5.99146454710798 3.98898404656427 4.77068462446567
1.09861228866811 4.40671924726425 4.35670882668959 999 4.61512051684126 4.49980967033027 3.68887945411394
0 0.693147180559945 1.38629436111989 999 1.6094379124341 2.63905732961526 0
1.70474809223843 0.993251773010283 1.84054963339749 1.54756250871601 2.2082744135228 1.3609765531356 0.916290731874155
2.39789527279837 1.77495235091167 0.693147180559945 1.06471073699243 3.95124371858143 1.7404661748405 2.99573227355399
1.45861502269952 0.182321556793955 2.89037175789616 3.13549421592915 1.33500106673234 2.07944154167984 -0.916290731874155
0 0.182321556793955 0.262364264467491 0.182321556793955 0.336472236621213 0.0953101798043249 0.182321556793955
999 999 -0.105360515657826 -0.22314355131421 0.587786664902119 -0.105360515657826 -0.22314355131421
-0.510825623765991 999 -0.356674943938732 -0.510825623765991 0.0953101798043249 -0.105360515657826 -0.510825623765991
1.7227665977411 1.33500106673234 3.46573590279973 3.2188758248682 3.52636052461616 4.06044301054642 1.09861228866811
-0.22314355131421 -0.510825623765991 -0.693147180559945 -0.510825623765991 -0.356674943938732 -0.22314355131421 -0.105360515657826
1.22377543162212 2.94443897916644 2.99573227355399 3.55534806148941 3.29583686600433 4.06044301054642 2.02814824729229
2.56494935746154 2.63905732961526 2.77258872223978 2.39789527279837 2.484906649788 3.46573590279973 2.30258509299405
0.405465108108164 0.336472236621213 0.405465108108164 0.336472236621213 0.587786664902119 0.53062825106217 0.0953101798043249
0.262364264467491 999 1.6094379124341 999 3.52636052461616 3.09104245335832 4.0943445622221
1.79175946922805 2.30258509299405 2.06686275947298 2.39789527279837 2.56494935746154 3.58351893845611 1.3609765531356
0.0953101798043249 0.832909122935104 1.6094379124341 0.470003629245736 2.56494935746154 1.62924053973028 0.53062825106217
-1.20397280432594 -0.22314355131421 -0.510825623765991 -0.916290731874155 -0.105360515657826 -0.22314355131421 -0.356674943938732
-0.22314355131421 -0.105360515657826 0.405465108108164 -0.356674943938732 1.22377543162212 0.587786664902119 0.262364264467491
-0.22314355131421 999 0 999 0.336472236621213 -0.22314355131421 -0.356674943938732
2.56494935746154 2.56494935746154 2.17475172148416 2.99573227355399 2.83321334405622 4.95582705760126 4.36944785246702
-0.356674943938732 -0.510825623765991 -0.510825623765991 -0.510825623765991 -0.356674943938732 -0.22314355131421 -0.693147180559945
2.484906649788 999 2.484906649788 999 4.62497281328427 4.65396035015752 5.2257466737132
999 999 2.26176309847379 999 1.3609765531356 999 0.405465108108164
999 999 0.8754687373539 999 1.41098697371026 999 -1.20397280432594
999 999 2.99573227355399 999 2.82137888640921 999 0.336472236621213
999 999 1.50407739677627 999 1.85629799036563 999 -0.356674943938732
999 999 0.916290731874155 999 1.30833281965018 999 -0.356674943938732
999 999 -0.693147180559945 999 999 0.336472236621213 0.405465108108164
999 999 3.22684399451738 999 3.13549421592915 999 1.56861591791385
999 999 3.54385368206368 999 3.31054301339402 999 1.56861591791385
999 999 3.25037449192757 999 3.5055573969864 999 1.33500106673234
999 999 2.76000994003292 999 3.61091791264422 999 1.48160454092422
999 999 3.54095932403731 999 3.90801498403061 999 1.97408102602201
1.52605630349505 999 2.74727091425549 3.01062088604774 2.87919845729804 4.62399194022868 0.641853886172395
0.336472236621213 999 2.32238772029023 1.64865862558738 2.00148000021012 2.4932054526027 0.405465108108164
1.22377543162212 999 2.53369681395743 0.916290731874155 3.51154543883102 3.11794990627824 3.47815842279828
1.68639895357023 999 2.36085400111802 2.24070968927596 3.40452517175483 2.9704144655697 3.39450839351136
1.88706964903238 999 1.91692261218206 4.36564315542336 2.14006616349627 3.28091121578765 -0.916290731874155
-0.510825623765991 999 2.75366071235426 -0.356674943938732 4.00186370942794 1.50407739677627 1.22377543162212
1.06471073699243 999 2.16332302566054 3.83514196109219 0.470003629245736 2.78501124223834 -0.510825623765991
0 999 1.91692261218206 3.20274644293832 2.84490938381941 3.51749783735832 -0.22314355131421
999 999 1.96009478404727 0.832909122935104 1.97408102602201 3.07269331469012 -0.105360515657826
0.262364264467491 999 0.587786664902119 1.02961941718116 0.832909122935104 1.6094379124341 0.587786664902119
2.14006616349627 999 5.04985600724954 4.59511985013459 5.32300997913841 5.56413719214268 3.95124371858143
0.955511445027436 2.30258509299405 2.83321334405622 2.83321334405622 2.484906649788 3.98898404656427 2.70805020110221
-0.105360515657826 0.0953101798043249 0.0953101798043249 0 0.336472236621213 0.0953101798043249 0.0953101798043249
0.53062825106217 1.70474809223843 2.19722457733622 0.955511445027436 1.85629799036563 2.39789527279837 0.53062825106217
-0.356674943938732 4.20469261939097 2.83321334405622 1.48160454092422 4.57471097850338 2.94443897916644 3.52636052461616
2.06686275947298 999 4.06044301054642 999 4.55387689160054 3.71357206670431 4.89783979995091
2.10413415427021 999 2.99573227355399 4.04305126783455 4.02535169073515 5.29831736654804 2.39789527279837
1.28093384546206 999 2.70805020110221 1.45861502269952 3.80666248977032 1.77495235091167 0.955511445027436
-0.22314355131421 999 0.262364264467491 0 3.98898404656427 0.741937344729377 0.470003629245736
0.0953101798043249 999 0 999 0.0953101798043249 -0.105360515657826 0
-0.510825623765991 999 0 999 0.0953101798043249 -0.22314355131421 -0.105360515657826
-0.693147180559945 999 -0.356674943938732 999 -0.356674943938732 -0.510825623765991 -0.356674943938732
-0.356674943938732 999 -0.105360515657826 -0.105360515657826 0.182321556793955 -0.105360515657826 -0.22314355131421
-0.510825623765991 999 -0.356674943938732 999 -0.22314355131421 -0.693147180559945 -0.510825623765991
0.641853886172395 999 1.02961941718116 999 5.07767069543241 2.10413415427021 2.26176309847379
0.262364264467491 999 1.16315080980568 999 4.30406509320417 1.38629436111989 1.96009478404727
0.0953101798043249 999 0.955511445027436 999 4.82028156560504 1.28093384546206 1.48160454092422
0.693147180559945 999 1.66770682055808 999 4.04305126783455 1.22377543162212 2.23001440015921
2.43361335540045 999 0.0953101798043249 999 4.69134788222914 1.54756250871601 1.80828877117927
1.30833281965018 999 1.3609765531356 999 5.14400000616368 1.7404661748405 3.64021428213266
-0.916290731874155 999 0.262364264467491 999 3.4904285153901 0.741937344729377 1.30833281965018
0.993251773010283 999 1.64865862558738 999 4.94235645334296 2.32238772029023 3.04452243772342
0.405465108108164 999 1.75785791755237 999 5.3890717298165 2.83321334405622 3.17805383034795
0.832909122935104 999 2.12823170584927 999 5.99146454710798 3.55534806148941 4.27666611901606
0.182321556793955 999 0.53062825106217 999 3.85014760171006 0.916290731874155 1.6094379124341
0 999 0.832909122935104 999 4.20469261939097 1.1314021114911 1.3609765531356
3.3322045101752 999 1.91692261218206 999 5.99146454710798 3.43398720448515 3.80666248977032
0.262364264467491 999 1.25276296849537 999 4.30406509320417 1.19392246847243 1.64865862558738
0.78845736036427 999 2.484906649788 999 4.9416424226093 3.29583686600433 3.8286413964891
4.86753445045558 999 3.2188758248682 999 5.99146454710798 5.61677109766657 5.66988092298052
2.83321334405622 999 4.36944785246702 4.18965474202643 4.30406509320417 4.29045944114839 1.7404661748405
2.83321334405622 999 3.93182563272433 4.20469261939097 4.56434819146784 4.78749174278205 0.8754687373539
-0.510825623765991 999 -0.22314355131421 -0.510825623765991 0.182321556793955 -0.22314355131421 -0.693147180559945
-0.510825623765991 999 -0.510825623765991 -0.510825623765991 -0.22314355131421 -0.356674943938732 -0.510825623765991
0.78845736036427 999 2.83321334405622 1.30833281965018 3.76120011569356 1.48160454092422 1.90210752639692
1.77495235091167 999 3.66356164612965 4.0943445622221 4.24849524204936 5.52146091786225 4.07753744390572
-0.916290731874155 999 -1.20397280432594 -1.20397280432594 -0.693147180559945 -0.693147180559945 -0.916290731874155
1.94591014905531 999 3.2188758248682 2.63905732961526 3.43398720448515 3.46573590279973 1.38629436111989
-0.693147180559945 999 -0.356674943938732 -0.693147180559945 -0.356674943938732 -0.916290731874155 -0.356674943938732
-0.22314355131421 999 -0.105360515657826 -0.22314355131421 0.262364264467491 0.182321556793955 0.405465108108164
-0.356674943938732 999 0.182321556793955 -0.105360515657826 0.405465108108164 0.0953101798043249 0
-0.105360515657826 999 0.0953101798043249 0.0953101798043249 0.336472236621213 0.262364264467491 -0.22314355131421
-0.356674943938732 999 1.22377543162212 1.43508452528932 1.90210752639692 3.40119738166216 -0.916290731874155
1.02961941718116 999 2.39789527279837 2.77258872223978 3.13549421592915 3.87120101090789 1.54756250871601
1.1314021114911 999 2.63905732961526 2.89037175789616 3.66356164612965 4.34380542185368 1.77495235091167
2.484906649788 999 3.68887945411394 3.71357206670431 3.43398720448515 4.68213122712422 1.77495235091167
-0.510825623765991 999 -0.105360515657826 -0.693147180559945 0.405465108108164 -0.105360515657826 -0.693147180559945
0.741937344729377 999 3.17805383034795 3.04452243772342 3.13549421592915 3.73766961828337 4.96284463025991
0.587786664902119 999 2.39789527279837 2.09186406167839 2.484906649788 3.71357206670431 1.50407739677627
1.02961941718116 999 2.77258872223978 3.97029191355212 2.99573227355399 4.44265125649032 2.24070968927596
1.25276296849537 999 2.04122032885964 2.56494935746154 1.94591014905531 4.35670882668959 2.63905732961526
2.14006616349627 999 3.36729582998647 3.93182563272433 3.68887945411394 4.36944785246702 2.00148000021012
0.470003629245736 999 2.94443897916644 2.83321334405622 2.94443897916644 3.80666248977032 0.587786664902119
0.470003629245736 999 2.39789527279837 0.641853886172395 3.80666248977032 1.68639895357023 2.30258509299405
1.1314021114911 999 2.89037175789616 4.68213122712422 4.35670882668959 5.36691015801365 5.03043792139244
2.39789527279837 999 2.99573227355399 3.61091791264422 4.51085950651685 3.98898404656427 4.39444915467244
0.336472236621213 999 1.02961941718116 0.53062825106217 1.48160454092422 1.1314021114911 -0.105360515657826
1.75785791755237 999 2.00148000021012 1.94591014905531 1.80828877117927 3.80666248977032 0.262364264467491
1.28093384546206 999 2.09186406167839 1.80828877117927 3.29583686600433 3.3322045101752 3.13549421592915
-0.22314355131421 999 0.0953101798043249 -0.22314355131421 0.641853886172395 0.405465108108164 0.0953101798043249
1.64865862558738 999 4.29045944114839 3.66356164612965 4.06044301054642 4.69134788222914 5.04342511691925
-0.356674943938732 999 0 -0.22314355131421 0.405465108108164 0.0953101798043249 -0.105360515657826
1.79175946922805 999 3.09104245335832 3.49650756146648 3.76120011569356 4.36944785246702 1.96009478404727
0.182321556793955 999 0.405465108108164 0.262364264467491 1.1314021114911 1.25276296849537 0.182321556793955
3.36729582998647 999 3.97029191355212 5.22035582507832 4.66343909411207 5.15848042136024 5.10594547390058
2.39789527279837 999 4.06044301054642 3.52636052461616 4.87519732320115 4.85981240436167 5.99146454710798
3.36729582998647 999 1.88706964903238 1.43508452528932 3.13549421592915 3.87120101090789 3.17805383034795
2.16332302566054 999 5.23377884541047 4.18965474202643 4.93447393313069 4.63472898822964 5.99146454710798
-0.356674943938732 999 0 -0.356674943938732 0.53062825106217 0.0953101798043249 -0.356674943938732
3.61091791264422 999 2.99573227355399 5.52942908751142 3.55534806148941 5.17275414357269 3.2188758248682
2.07944154167984 999 4.93447393313069 4.68213122712422 4.91265488573605 5.28167972539501 4.18965474202643
1.6094379124341 999 2.09186406167839 2.39789527279837 2.15176220325946 4.65396035015752 2.89037175789616
2.28238238567653 999 2.39789527279837 1.45861502269952 2.89037175789616 2.83321334405622 2.99573227355399
-2.30258509299405 999 0.916290731874155 999 2.68102152871429 -0.510825623765991 0.8754687373539
-0.22314355131421 -0.105360515657826 -0.22314355131421 -0.105360515657826 -0.22314355131421 -0.22314355131421 -0.22314355131421
-0.693147180559945 -0.356674943938732 -0.105360515657826 -0.356674943938732 0.53062825106217 -0.356674943938732 -0.22314355131421
1.54756250871601 1.70474809223843 1.50407739677627 1.50407739677627 1.79175946922805 2.94443897916644 0.262364264467491
0.336472236621213 999 0.262364264467491 0.262364264467491 0.832909122935104 0.470003629245736 0.182321556793955
1.38629436111989 2.77258872223978 3.40119738166216 3.61091791264422 3.76120011569356 5.17614973257383 3.61091791264422
0.587786664902119 0.641853886172395 -0.105360515657826 0 1.94591014905531 1.06471073699243 0.336472236621213
-1.20397280432594 999 -0.916290731874155 -0.916290731874155 0 -0.693147180559945 -0.916290731874155
-0.916290731874155 0.262364264467491 0 -0.693147180559945 2.89037175789616 -0.510825623765991 0.0953101798043249
0.405465108108164 0 0.182321556793955 -0.22314355131421 0.53062825106217 0 -0.105360515657826
-0.22314355131421 0.0953101798043249 0.0953101798043249 0.0953101798043249 0.405465108108164 0.182321556793955 0.470003629245736
999 999 0.0953101798043249 999 0.832909122935104 0.336472236621213 -0.510825623765991
999 999 -0.916290731874155 999 -0.693147180559945 -0.510825623765991 -0.693147180559945
-0.916290731874155 999 -0.693147180559945 999 -0.22314355131421 -0.22314355131421 -0.356674943938732
0.693147180559945 999 0.336472236621213 999 0.405465108108164 0.78845736036427 0.53062825106217
999 999 -0.22314355131421 999 -0.356674943938732 0.0953101798043249 -0.356674943938732
0.405465108108164 999 0.336472236621213 999 0.336472236621213 0.405465108108164 0.0953101798043249
999 999 -0.105360515657826 999 -0.105360515657826 0.0953101798043249 -0.693147180559945
0 999 -0.22314355131421 999 0.182321556793955 0.0953101798043249 -0.22314355131421
-0.22314355131421 999 0.182321556793955 999 0.916290731874155 1.09861228866811 0.262364264467491
999 999 -0.22314355131421 999 0.405465108108164 0.262364264467491 -0.510825623765991
-1.20397280432594 999 -0.916290731874155 999 -1.6094379124341 -1.20397280432594 -0.693147180559945
999 999 -0.105360515657826 999 0.587786664902119 -0.105360515657826 -0.510825623765991
-0.510825623765991 999 -0.693147180559945 999 -0.105360515657826 -0.693147180559945 -0.356674943938732
999 999 -0.22314355131421 999 -0.105360515657826 -0.22314355131421 -0.693147180559945
999 999 -0.510825623765991 999 -0.510825623765991 -0.22314355131421 -0.693147180559945
999 999 -0.22314355131421 999 0.0953101798043249 -0.693147180559945 -1.20397280432594
999 999 -0.693147180559945 999 -0.693147180559945 -0.510825623765991 -0.916290731874155
999 999 -0.22314355131421 999 0.182321556793955 -0.105360515657826 -0.22314355131421
999 999 -1.20397280432594 999 -0.916290731874155 -0.693147180559945 -2.30258509299405
999 999 -0.22314355131421 999 0.262364264467491 0.262364264467491 -0.356674943938732
999 999 -0.105360515657826 999 0.955511445027436 0.832909122935104 0.0953101798043249
-1.20397280432594 999 -0.693147180559945 999 0.336472236621213 -0.693147180559945 -1.20397280432594
-0.22314355131421 999 -0.22314355131421 999 -0.22314355131421 0 0.182321556793955
-0.510825623765991 999 -0.356674943938732 999 -0.510825623765991 -0.22314355131421 -0.105360515657826
-0.693147180559945 999 -0.356674943938732 999 0 -0.105360515657826 -0.356674943938732
-0.510825623765991 999 -0.22314355131421 999 -0.105360515657826 0 -0.105360515657826
0.262364264467491 999 -0.22314355131421 999 -0.22314355131421 0.336472236621213 -0.105360515657826
0.741937344729377 999 0.262364264467491 999 0.916290731874155 1.02961941718116 0.262364264467491
0.693147180559945 999 0.336472236621213 999 0.993251773010283 0.832909122935104 0.182321556793955
0.262364264467491 999 0.0953101798043249 999 0.693147180559945 0.587786664902119 0.182321556793955
0.262364264467491 999 0.641853886172395 999 1.16315080980568 1.09861228866811 0.955511445027436
999 999 -0.105360515657826 999 0.336472236621213 -0.105360515657826 -0.693147180559945
-0.356674943938732 999 0 999 0.336472236621213 0.0953101798043249 -0.22314355131421
999 999 -0.105360515657826 999 0 -0.22314355131421 -0.510825623765991
999 999 0.336472236621213 999 0.262364264467491 1.28093384546206 0.182321556793955
999 999 0 999 0.993251773010283 1.02961941718116 0
0.0953101798043249 999 0.0953101798043249 999 0.641853886172395 0.641853886172395 0.0953101798043249
-0.916290731874155 999 -0.916290731874155 999 -0.356674943938732 -1.20397280432594 -0.916290731874155
0 999 0.641853886172395 999 4.0943445622221 0.405465108108164 0.693147180559945
-0.105360515657826 999 0.53062825106217 999 0.993251773010283 0.405465108108164 0.0953101798043249
0.0953101798043249 999 -0.356674943938732 999 0.53062825106217 -0.105360515657826 -0.22314355131421
-0.916290731874155 999 -1.20397280432594 999 -0.693147180559945 -0.916290731874155 -0.693147180559945
-0.916290731874155 999 -0.693147180559945 999 1.96009478404727 -0.916290731874155 -0.693147180559945
-0.22314355131421 999 0.182321556793955 999 3.20680324363393 0 -0.105360515657826
1.09861228866811 999 1.02961941718116 999 0.78845736036427 2.77881927199042 0
1.48160454092422 999 1.3609765531356 999 1.28093384546206 3.10906095886099 0.53062825106217
1.28093384546206 999 1.28093384546206 999 1.82454929205105 2.484906649788 2.19722457733622
1.50407739677627 999 1.43508452528932 999 2.4423470353692 2.42480272571829 1.58923520511658
0.832909122935104 999 1.30833281965018 999 1.09861228866811 1.48160454092422 2.55722731136763
-2.30258509299405 999 0.405465108108164 999 0.832909122935104 -1.20397280432594 -0.916290731874155
-2.30258509299405 999 0.916290731874155 999 1.62924053973028 -0.356674943938732 0.336472236621213
-2.30258509299405 999 0.832909122935104 999 2.09186406167839 -0.22314355131421 0.0953101798043249
-2.30258509299405 999 1.09861228866811 999 2.54944517092557 0.262364264467491 0.182321556793955
-2.30258509299405 999 1.06471073699243 999 2.50143595173921 0.262364264467491 0.336472236621213
-1.20397280432594 999 -0.916290731874155 999 -0.916290731874155 -0.916290731874155 -1.20397280432594
0 999 0.0953101798043249 999 0.336472236621213 0.182321556793955 0
-0.105360515657826 999 0.53062825106217 999 0.8754687373539 0.53062825106217 0.182321556793955
0 0 0 999 0 0 999
-1.6094379124341 1.68639895357023 -2.30258509299405 999 -1.6094379124341 -2.30258509299405 999
-0.356674943938732 0.8754687373539 -0.510825623765991 999 0.0953101798043249 -0.693147180559945 999
-1.6094379124341 2.30258509299405 -1.20397280432594 999 -1.20397280432594 -1.6094379124341 999
0 0 0 999 0 0 999
-2.30258509299405 0.693147180559945 -2.30258509299405 999 -2.30258509299405 -2.30258509299405 999
-1.20397280432594 0.693147180559945 0 999 0.262364264467491 -0.356674943938732 999
-1.6094379124341 1.79175946922805 -1.20397280432594 999 -1.20397280432594 -1.6094379124341 999
0 0 0 999 0 0 999
-1.20397280432594 1.09861228866811 -2.30258509299405 999 -2.30258509299405 -1.20397280432594 999
-0.510825623765991 -0.105360515657826 0.182321556793955 999 0.336472236621213 0.693147180559945 999
-1.20397280432594 1.79175946922805 -2.30258509299405 999 -1.6094379124341 -1.6094379124341 999
0.587786664902119 999 1.82454929205105 0.182321556793955 2.02814824729229 999 3.20680324363393
1.16315080980568 999 1.62924053973028 1.66770682055808 1.41098697371026 999 0.262364264467491
0.916290731874155 999 0.8754687373539 0.832909122935104 1.28093384546206 999 0.587786664902119
-0.22314355131421 999 0.182321556793955 -0.22314355131421 3.40452517175483 999 -0.916290731874155
2.05412373369555 999 -0.510825623765991 1.28093384546206 0.336472236621213 999 0.0953101798043249
-0.510825623765991 999 0.262364264467491 -0.22314355131421 0.0953101798043249 999 -0.510825623765991
1.06471073699243 999 0.955511445027436 0.8754687373539 1.56861591791385 999 2.07944154167984
1.25276296849537 999 1.25276296849537 1.33500106673234 1.79175946922805 999 1.7404661748405
1.3609765531356 999 3.43720781918519 2.89591193827178 3.40119738166216 999 3.23474917402449
2.29253475714054 999 3.38099467434464 3.10458667846607 3.88362353090645 999 4.5152454784601
2.39789527279837 999 5.19295685089021 4.61214579972452 4.96703165661412 999 5.85793315448346
0.587786664902119 999 0.405465108108164 0.470003629245736 0.262364264467491 0.0953101798043249 0.262364264467491
2.12823170584927 999 1.16315080980568 2.04122032885964 1.22377543162212 1.38629436111989 1.30833281965018
3.04452243772342 999 0.470003629245736 2.94443897916644 1.06471073699243 1.64865862558738 0.262364264467491
3.87120101090789 999 0.8754687373539 3.43398720448515 1.41098697371026 1.87180217690159 0.693147180559945
1.52605630349505 999 0.741937344729377 1.82454929205105 0.955511445027436 1.28093384546206 0.993251773010283
2.89037175789616 999 0.182321556793955 2.70805020110221 1.19392246847243 1.6094379124341 0.336472236621213
-2.30258509299405 999 0.470003629245736 999 0.8754687373539 -0.916290731874155 -0.693147180559945
-2.30258509299405 999 0.955511445027436 999 1.62924053973028 -0.22314355131421 0.336472236621213
-2.30258509299405 999 0.832909122935104 999 2.10413415427021 -0.105360515657826 0.182321556793955
-2.30258509299405 999 1.1314021114911 999 2.55722731136763 0.336472236621213 0.182321556793955
-2.30258509299405 999 1.09861228866811 999 2.50143595173921 0.262364264467491 0.405465108108164
-0.916290731874155 999 -0.693147180559945 999 -0.916290731874155 -0.693147180559945 -0.916290731874155
0.0953101798043249 999 0.0953101798043249 999 0.336472236621213 0.262364264467491 0
-0.105360515657826 999 0.53062825106217 999 0.916290731874155 0.53062825106217 0.182321556793955
0 -0.356674943938732 -0.510825623765991 -0.22314355131421 0.262364264467491 -0.22314355131421 -0.510825623765991
0 0.405465108108164 -0.22314355131421 -0.510825623765991 1.16315080980568 0.182321556793955 -0.22314355131421
-0.105360515657826 1.41098697371026 0.8754687373539 999 4.4188406077966 0.262364264467491 0.8754687373539
1.3609765531356 3.89182029811063 2.10413415427021 999 5.44673737166631 2.56494935746154 3.49650756146648
-0.356674943938732 0.0953101798043249 0 999 0.182321556793955 0.182321556793955 -0.356674943938732
-0.22314355131421 -0.105360515657826 -0.105360515657826 999 0.0953101798043249 0.0953101798043249 -0.105360515657826
-0.693147180559945 0.641853886172395 0.0953101798043249 999 3.2188758248682 -0.510825623765991 -0.693147180559945
-0.22314355131421 1.06471073699243 0.262364264467491 999 1.75785791755237 0.8754687373539 -0.22314355131421
0.470003629245736 4.94875989037817 3.29583686600433 999 4.45434729625351 2.28238238567653 4.70953020131233
-1.6094379124341 1.79175946922805 1.43508452528932 999 2.04122032885964 -0.22314355131421 0.262364264467491
-0.916290731874155 2.06686275947298 -0.916290731874155 999 -0.22314355131421 -1.6094379124341 -0.693147180559945
-0.22314355131421 -0.22314355131421 0 999 0.182321556793955 0.0953101798043249 -0.356674943938732
-1.20397280432594 3.43398720448515 2.484906649788 999 4.18965474202643 1.28093384546206 2.484906649788
0.470003629245736 0.993251773010283 0.587786664902119 999 2.00148000021012 0.470003629245736 0
1.45861502269952 1.33500106673234 0.955511445027436 999 2.70805020110221 2.56494935746154 1.25276296849537
-1.20397280432594 2.29253475714054 -0.693147180559945 999 0 -2.30258509299405 -1.20397280432594
-0.693147180559945 -0.510825623765991 -0.22314355131421 999 0.0953101798043249 -0.356674943938732 -0.693147180559945
0.0953101798043249 2.484906649788 1.02961941718116 999 4.27666611901606 1.02961941718116 1.93152141160321
-0.510825623765991 0.405465108108164 0.182321556793955 999 3.43398720448515 -0.105360515657826 0.0953101798043249
-0.105360515657826 -0.22314355131421 -0.22314355131421 999 0.262364264467491 -0.22314355131421 -0.22314355131421
-0.22314355131421 2.17475172148416 -0.916290731874155 999 -0.105360515657826 -1.6094379124341 -1.20397280432594
-0.916290731874155 -0.356674943938732 -0.22314355131421 999 0.405465108108164 0 -0.356674943938732
0.336472236621213 2.02814824729229 0.832909122935104 999 4.95582705760126 -0.22314355131421 999
-2.30258509299405 3.09104245335832 -2.30258509299405 999 1.79175946922805 -2.30258509299405 999
-0.693147180559945 -0.356674943938732 -0.916290731874155 999 2.484906649788 -0.356674943938732 -0.510825623765991
1.45861502269952 3.09104245335832 3.17805383034795 999 4.02535169073515 2.94443897916644 3.17805383034795
-0.510825623765991 -0.356674943938732 -0.356674943938732 999 -0.22314355131421 -0.510825623765991 -0.356674943938732
0 0.832909122935104 0.641853886172395 999 3.8286413964891 0.0953101798043249 0.693147180559945
-0.510825623765991 -0.356674943938732 -0.356674943938732 999 -0.22314355131421 -0.105360515657826 -0.510825623765991
-0.693147180559945 1.64865862558738 -1.20397280432594 999 -1.20397280432594 -2.30258509299405 -2.30258509299405
-0.693147180559945 -0.510825623765991 -0.510825623765991 999 0 -0.693147180559945 -0.916290731874155
0.262364264467491 1.38629436111989 1.22377543162212 999 4.51085950651685 1.45861502269952 1.7227665977411
0.993251773010283 2.63905732961526 1.64865862558738 999 4.9416424226093 2.30258509299405 3.04452243772342
1.16315080980568 0.741937344729377 1.52605630349505 999 3.13549421592915 2.10413415427021 0.741937344729377
0.741937344729377 1.93152141160321 2.05412373369555 999 3.55534806148941 2.02814824729229 1.75785791755237
-0.916290731874155 -0.356674943938732 -0.693147180559945 999 -0.510825623765991 -0.510825623765991 -0.693147180559945
-1.20397280432594 -0.22314355131421 -0.916290731874155 999 2.56494935746154 -1.20397280432594 -1.20397280432594
0.182321556793955 2.00148000021012 0.955511445027436 999 4.40671924726425 0.587786664902119 0.993251773010283
-0.693147180559945 0.587786664902119 -0.105360515657826 999 2.63905732961526 -0.510825623765991 -0.693147180559945
1.82454929205105 1.22377543162212 0.262364264467491 999 4.07753744390572 2.29253475714054 2.89037175789616
-0.105360515657826 0.336472236621213 -0.105360515657826 999 1.52605630349505 0 -0.22314355131421
1.22377543162212 999 2.2082744135228 999 3.41114771251532 3.04452243772342 3.41114771251532
-0.105360515657826 999 0.262364264467491 999 0.916290731874155 0.336472236621213 0
-0.510825623765991 999 -0.356674943938732 999 0.0953101798043249 -0.105360515657826 -0.510825623765991
-0.356674943938732 999 0 999 3.85014760171006 0.336472236621213 0.405465108108164
0.0953101798043249 999 0.0953101798043249 999 0.405465108108164 0.53062825106217 -0.105360515657826
-0.22314355131421 999 0 999 0.336472236621213 0.262364264467491 0.0953101798043249
-0.510825623765991 999 0.470003629245736 999 3.6609942506244 0 -0.105360515657826
0.182321556793955 999 2.83907846350861 999 3.04452243772342 4.11414718951828 1.33500106673234
1.09861228866811 999 1.45861502269952 999 1.50407739677627 2.80336038090653 -0.356674943938732
-0.22314355131421 999 0.262364264467491 999 0.587786664902119 0.336472236621213 0.182321556793955
-0.693147180559945 999 -0.356674943938732 999 0.262364264467491 -0.105360515657826 0
1.79175946922805 999 2.35137525716348 999 2.91235066461494 2.484906649788 2.89037175789616
0.262364264467491 999 0.262364264467491 0.0953101798043249 0.955511445027436 0.470003629245736 0.405465108108164
0.470003629245736 999 1.64865862558738 1.02961941718116 1.75785791755237 2.63905732961526 0.470003629245736
-0.22314355131421 999 -0.510825623765991 -0.356674943938732 -0.105360515657826 -0.22314355131421 -0.356674943938732
-0.510825623765991 -0.22314355131421 0 -0.356674943938732 -0.22314355131421 -0.356674943938732 -0.510825623765991
2.63905732961526 2.17475172148416 1.91692261218206 2.83321334405622 2.70805020110221 4.14313472639153 1.41098697371026
1.68639895357023 1.54756250871601 2.24070968927596 2.00148000021012 2.29253475714054 2.99573227355399 3.49650756146648
0 999 1.97408102602201 0.262364264467491 3.04452243772342 1.62924053973028 2.12823170584927
0 0.955511445027436 0.741937344729377 0 3.97029191355212 0.741937344729377 0.955511445027436
0.182321556793955 0.336472236621213 0.587786664902119 0 1.22377543162212 1.22377543162212 1.30833281965018
-0.22314355131421 0.0953101798043249 0 0 0.693147180559945 0.405465108108164 -0.22314355131421
1.7227665977411 4.17438726989564 5.01063529409626 4.31748811353631 4.48863636973214 4.9416424226093 4.07753744390572
1.56861591791385 999 3.97029191355212 4.02535169073515 4.07753744390572 4.40671924726425 1.82454929205105
0.641853886172395 0.405465108108164 0.405465108108164 0.405465108108164 0.8754687373539 0.641853886172395 0.182321556793955
-0.916290731874155 999 -0.916290731874155 -0.916290731874155 -0.693147180559945 -0.916290731874155 -0.510825623765991
0.0953101798043249 -0.105360515657826 -0.356674943938732 -0.105360515657826 0 0.405465108108164 -0.22314355131421
-0.693147180559945 999 -0.510825623765991 -0.510825623765991 -0.510825623765991 -0.510825623765991 -0.693147180559945
-0.916290731874155 -0.105360515657826 -0.105360515657826 -0.22314355131421 -0.356674943938732 -0.510825623765991 0
0.832909122935104 2.96010509591084 2.83321334405622 2.29253475714054 2.91235066461494 3.81330703248899 2.81540871942271
-0.510825623765991 -0.356674943938732 -0.22314355131421 -0.510825623765991 0 -0.356674943938732 -0.22314355131421
-0.510825623765991 0.262364264467491 0.0953101798043249 -0.510825623765991 3.14845336057165 -0.510825623765991 -1.20397280432594
0 2.72129542785223 3.15273602236366 2.31253542384721 3.39450839351136 3.60277675506052 1.96009478404727
0.741937344729377 0.641853886172395 0.916290731874155 1.45861502269952 0.916290731874155 2.67414864942653 0.182321556793955
0.405465108108164 3.31054301339402 3.44680789291421 2.58021682959233 3.77505715035499 4.29728540621879 3.06339092202781
0.182321556793955 0.916290731874155 0.587786664902119 0.182321556793955 3.80666248977032 -0.105360515657826 0.832909122935104
0.262364264467491 0.955511445027436 1.25276296849537 0.336472236621213 1.41098697371026 2.02814824729229 -0.916290731874155
1.58923520511658 2.37954613413017 3.19867311755068 2.01490302054226 4.02535169073515 2.23001440015921 2.78501124223834
1.41098697371026 2.84490938381941 2.12823170584927 2.3887627892351 1.80828877117927 4.11903717481247 3.03974915897077
1.84054963339749 999 2.01490302054226 1.84054963339749 2.86789890204411 3.88567903008854 3.8649313978943
0.53062825106217 999 0.182321556793955 -0.916290731874155 2.72785282839839 0.470003629245736 1.80828877117927
1.68639895357023 999 0.262364264467491 999 4.07243972683405 2.15176220325946 2.64617479738412
2.15176220325946 999 1.41098697371026 0.470003629245736 4.30811095172371 2.30258509299405 4.02356438016105
2.34180580614733 999 2.37024374146786 1.1314021114911 5.97964497030264 2.2082744135228 4.52178857704904
4.16044436392662 999 4.1415461637064 3.8458832029236 4.96842344528695 3.07269331469012 3.19458313229916
3.13549421592915 999 3.74478708605223 1.97408102602201 5.99146454710798 4.09100566095659 5.99146454710798
4.77153172320332 999 3.18635263316264 4.34380542185368 5.99146454710798 5.99146454710798 4.92143971529178
3.43720781918519 999 3.28840188751681 999 5.99146454710798 4.43675153436313 4.94591897937656
3.74950407593037 999 4.36054760299676 2.43361335540045 5.99146454710798 4.33073334028633 5.89880086224456
3.46573590279973 999 4.05698877567833 2.62466859216316 5.99146454710798 3.74004774068834 5.48521178518713
3.3357695763397 999 3.96271611974366 2.19722457733622 5.99146454710798 3.9926809084456 5.54595838946263
2.94443897916644 999 3.71357206670431 1.79175946922805 5.6021188208797 3.43398720448515 4.65396035015752
3.03974915897077 999 3.63758615972639 2.63188884013665 4.15731936138349 3.51749783735832 3.17805383034795
4.30406509320417 999 4.52287494326126 4.81624115606803 5.99146454710798 4.94946885885877 5.99146454710798
5.53022242353082 999 5.99146454710798 4.54754107315146 5.99146454710798 4.45667017766965 5.58161484068199
0.470003629245736 999 0.262364264467491 0.641853886172395 1.09861228866811 1.58923520511658 1.3609765531356
3.21084365317094 999 2.15176220325946 3.62434093297637 1.09861228866811 1.97408102602201 0.693147180559945
0.832909122935104 999 0.641853886172395 0.336472236621213 0.587786664902119 1.54756250871601 1.02961941718116
0.470003629245736 999 1.16315080980568 0.641853886172395 1.45861502269952 1.02961941718116 0.587786664902119
0.78845736036427 999 0.336472236621213 0.693147180559945 0.832909122935104 1.52605630349505 0.641853886172395
2.52572864430826 999 3.5234150143864 3.36384159511839 2.14006616349627 1.6094379124341 1.25276296849537
3.75185425327532 999 3.51452606696916 4.38452351487247 3.42751468997953 4.53152364581979 3.41444260841218
3.68887945411394 999 2.81540871942271 4.36944785246702 2.63905732961526 3.5055573969864 2.66025953726586
1.52605630349505 999 1.84054963339749 2.2512917986065 2.12823170584927 3.10906095886099 1.50407739677627
3.67630067190708 999 4.37197629882038 4.59814557105113 4.62399194022868 4.43675153436313 3.7635229971097
3.96461545554732 999 3.72569342723665 4.63181211693451 4.91705694713669 5.61677109766657 5.08944647452055
999 999 0.993251773010283 999 2.05412373369555 2.53369681395743 1.58923520511658
-0.916290731874155 999 3.23080439573347 999 3.32503602069659 3.32503602069659 1.16315080980568
-1.6094379124341 999 1.80828877117927 999 3.44680789291421 0.53062825106217 0.182321556793955
1.43508452528932 999 1.80828877117927 999 5.99146454710798 2.47653840011748 2.60268968544438
1.22377543162212 999 0.470003629245736 999 1.09861228866811 1.98787434815435 1.70474809223843
1.45861502269952 999 3.08648663682246 999 4.33990170837321 4.72738781871234 5.19849703126583
0 999 1.56861591791385 999 1.25276296849537 1.75785791755237 -0.105360515657826
-0.22314355131421 999 0 -0.356674943938732 0.470003629245736 0 -0.105360515657826
-0.105360515657826 -0.105360515657826 0 -0.356674943938732 0.262364264467491 0 -0.22314355131421
-0.22314355131421 -0.356674943938732 -0.22314355131421 -0.356674943938732 -0.105360515657826 -0.356674943938732 -0.510825623765991
-0.22314355131421 999 -0.356674943938732 -0.356674943938732 0 0 -0.356674943938732
-0.693147180559945 -0.105360515657826 -0.105360515657826 -0.356674943938732 -0.693147180559945 -0.693147180559945 -0.22314355131421
0 999 1.28093384546206 0.262364264467491 1.7404661748405 1.09861228866811 0.8754687373539
0.336472236621213 0.262364264467491 0.336472236621213 0.182321556793955 0.405465108108164 0.262364264467491 0.182321556793955
0 0.182321556793955 0.470003629245736 0.0953101798043249 0.832909122935104 0.182321556793955 0
-0.916290731874155 -0.105360515657826 0 -0.356674943938732 0.336472236621213 -0.22314355131421 -0.356674943938732
-0.693147180559945 0.916290731874155 0.0953101798043249 -0.356674943938732 3.63758615972639 0.182321556793955 2.70805020110221
2.05412373369555 3.76120011569356 3.71357206670431 3.80666248977032 4.20469261939097 5.99146454710798 3.09104245335832
2.70805020110221 999 999 3.87120101090789 999 5.07517381523383 999
-0.356674943938732 0 0 0.0953101798043249 0.470003629245736 0.405465108108164 0.262364264467491
-0.22314355131421 2.12823170584927 0.78845736036427 0.587786664902119 4.47733681447821 2.21920348405499 3.68887945411394
2.89037175789616 3.71357206670431 4.48863636973214 4.68213122712422 4.14313472639153 4.56434819146784 5.3890717298165
0.182321556793955 0.405465108108164 1.06471073699243 1.02961941718116 0.916290731874155 2.16332302566054 -0.510825623765991
3.78418963391826 999 3.2188758248682 5.03043792139244 3.43720781918519 5.99146454710798 3.25809653802148
2.56494935746154 999 4.34380542185368 3.52636052461616 4.75359019110636 4.46590811865458 5.62762111369064
1.02961941718116 999 3.49650756146648 3.04452243772342 3.29583686600433 5.18178355029209 3.98898404656427
-0.510825623765991 999 -0.22314355131421 -0.693147180559945 0.262364264467491 -0.510825623765991 -0.693147180559945
1.1314021114911 2.39789527279837 2.30258509299405 1.82454929205105 2.56494935746154 3.71357206670431 5.10594547390058
3.29583686600433 -0.510825623765991 3.04452243772342 3.98898404656427 1.87180217690159 2.484906649788 -0.693147180559945
0.587786664902119 0.262364264467491 0.470003629245736 0.0953101798043249 0.405465108108164 0.182321556793955 0.182321556793955
0 0.182321556793955 0.405465108108164 -0.22314355131421 0.470003629245736 0.0953101798043249 -0.22314355131421
1.33500106673234 4.11087386417331 3.49650756146648 3.78418963391826 4.12713438504509 5.4380793089232 3.68887945411394
999 999 2.56494935746154 2.83321334405622 3.17805383034795 3.17805383034795 2.70805020110221
999 3.25809653802148 3.3322045101752 3.25809653802148 3.58351893845611 3.68887945411394 3.2188758248682
999 999 5.18178355029209 5.99146454710798 5.16478597392351 5.99146454710798 4.43081679884331
999 999 4.62497281328427 4.80402104473326 4.72738781871234 5.99146454710798 5.99146454710798
999 999 -0.105360515657826 -0.22314355131421 0.262364264467491 -0.22314355131421 -0.693147180559945
999 999 0.587786664902119 0.0953101798043249 1.19392246847243 0.405465108108164 0
999 999 0.587786664902119 0.182321556793955 0.8754687373539 0.405465108108164 0.0953101798043249
999 999 -0.356674943938732 -0.510825623765991 -0.356674943938732 -0.693147180559945 -0.693147180559945
999 999 0.0953101798043249 -0.105360515657826 0.78845736036427 0.0953101798043249 0.0953101798043249
999 999 2.30258509299405 3.3322045101752 4.07753744390572 4.54329478227 4.60517018598809
-1.20397280432594 999 -0.916290731874155 -1.20397280432594 -0.916290731874155 -1.20397280432594 -1.20397280432594
-0.510825623765991 999 0 0 0.0953101798043249 0.0953101798043249 0.0953101798043249
0 -0.356674943938732 0.182321556793955 -0.356674943938732 -0.105360515657826 -0.356674943938732 -0.105360515657826
1.58923520511658 3.80666248977032 4.30406509320417 3.40119738166216 4.52178857704904 4.31748811353631 5.99146454710798
0.336472236621213 0.262364264467491 1.75785791755237 2.56494935746154 1.54756250871601 2.89037175789616 -0.105360515657826
-0.356674943938732 -0.22314355131421 -0.22314355131421 -0.356674943938732 -0.510825623765991 -0.510825623765991 0
2.94443897916644 2.83321334405622 3.61091791264422 2.83321334405622 3.85014760171006 3.8286413964891 4.20469261939097
-0.356674943938732 -0.510825623765991 -0.356674943938732 -0.356674943938732 -0.105360515657826 -0.510825623765991 -0.22314355131421
-0.356674943938732 0.262364264467491 0 -0.22314355131421 -0.105360515657826 -0.356674943938732 -0.105360515657826
-0.356674943938732 999 -0.356674943938732 -0.510825623765991 -0.356674943938732 -0.356674943938732 -0.510825623765991
-0.510825623765991 999 -0.356674943938732 -0.356674943938732 -0.22314355131421 -0.510825623765991 -0.510825623765991
-0.356674943938732 -0.356674943938732 -0.356674943938732 999 -0.22314355131421 -0.22314355131421 -0.356674943938732
-0.105360515657826 999 -0.105360515657826 -0.356674943938732 0 -0.105360515657826 -0.22314355131421
0.405465108108164 0.405465108108164 0.182321556793955 0.262364264467491 0.641853886172395 0.53062825106217 0
0.0953101798043249 0.0953101798043249 0 0.0953101798043249 0.0953101798043249 0.262364264467491 0
0.182321556793955 0.0953101798043249 -0.22314355131421 0.0953101798043249 0.0953101798043249 0.182321556793955 -0.22314355131421
-0.22314355131421 -0.105360515657826 -0.22314355131421 -0.22314355131421 -0.105360515657826 0.182321556793955 -0.105360515657826
0.0953101798043249 -0.105360515657826 -0.105360515657826 -0.356674943938732 0.405465108108164 0.182321556793955 -0.356674943938732
-1.20397280432594 -0.693147180559945 -0.916290731874155 -1.20397280432594 -0.916290731874155 -1.20397280432594 -0.510825623765991
0.405465108108164 999 0.405465108108164 0.405465108108164 0.587786664902119 0.587786664902119 0
4.18965474202643 5.99146454710798 5.99146454710798 5.29330482472449 5.99146454710798 5.99146454710798 5.99146454710798
-0.356674943938732 999 -0.356674943938732 -0.356674943938732 -0.22314355131421 -0.510825623765991 -0.510825623765991
0.182321556793955 0.470003629245736 0.641853886172395 0 1.48160454092422 0.741937344729377 0.587786664902119
0.182321556793955 999 0.470003629245736 0.0953101798043249 1.09861228866811 0.470003629245736 0.0953101798043249
-0.510825623765991 -0.22314355131421 -0.22314355131421 -0.22314355131421 -0.356674943938732 -0.510825623765991 -0.105360515657826
-0.510825623765991 999 -0.22314355131421 -0.510825623765991 0.405465108108164 -0.22314355131421 -0.356674943938732
4.88280192258637 999 3.2188758248682 5.36129216570943 3.76120011569356 5.99146454710798 2.23001440015921
2.77258872223978 2.28238238567653 1.7404661748405 3.71357206670431 2.07944154167984 4.40671924726425 1.87180217690159
-0.356674943938732 999 -0.356674943938732 -0.356674943938732 0 0 -0.510825623765991
1.79175946922805 999 2.39789527279837 3.87120101090789 3.36729582998647 5.99146454710798 2.30258509299405
1.30833281965018 999 2.77258872223978 3.87120101090789 3.98898404656427 4.77068462446567 2.30258509299405
3.2188758248682 999 3.80666248977032 4.57471097850338 4.43081679884331 4.68213122712422 5.05624580534831
-0.105360515657826 999 0.182321556793955 -0.356674943938732 0.641853886172395 0.0953101798043249 -0.22314355131421
2.21920348405499 999 2.89037175789616 4.26267987704132 3.43398720448515 5.08759633523238 1.87180217690159
0.405465108108164 1.90210752639692 1.19392246847243 0.832909122935104 4.77068462446567 0.993251773010283 1.84054963339749
-0.916290731874155 999 -0.356674943938732 -0.693147180559945 0 -0.510825623765991 -0.693147180559945
-0.510825623765991 999 -0.510825623765991 -0.693147180559945 -0.22314355131421 -0.510825623765991 -0.510825623765991
-0.356674943938732 999 -0.22314355131421 -0.510825623765991 0.0953101798043249 -0.510825623765991 -0.693147180559945
-0.510825623765991 999 -0.510825623765991 -0.356674943938732 -0.22314355131421 -0.356674943938732 -0.693147180559945
-0.105360515657826 999 0.0953101798043249 -0.105360515657826 0.641853886172395 0.0953101798043249 -0.356674943938732
0.405465108108164 999 0.53062825106217 0.405465108108164 1.06471073699243 0.741937344729377 0.53062825106217
999 1.75785791755237 999 -1.6094379124341 999 999 999
999 1.25276296849537 999 -1.6094379124341 999 999 999
-0.510825623765991 999 -0.916290731874155 999 0 -0.916290731874155 -1.20397280432594
-0.916290731874155 999 -0.916290731874155 999 -0.356674943938732 -0.693147180559945 -1.20397280432594
-0.693147180559945 999 -0.356674943938732 999 -0.105360515657826 -0.356674943938732 -0.356674943938732
-0.916290731874155 999 -0.916290731874155 999 -0.22314355131421 -0.693147180559945 -0.693147180559945
-0.693147180559945 999 -0.916290731874155 999 -0.356674943938732 -0.693147180559945 -0.510825623765991
-1.6094379124341 999 -1.20397280432594 999 -1.20397280432594 -1.6094379124341 -1.20397280432594
0 999 -0.510825623765991 999 0.0953101798043249 -0.356674943938732 -0.22314355131421
-0.693147180559945 999 -0.916290731874155 999 -0.693147180559945 -0.916290731874155 -0.916290731874155
-0.356674943938732 999 0 999 0.587786664902119 0.470003629245736 0.336472236621213
-0.693147180559945 999 -0.22314355131421 999 -0.105360515657826 -0.105360515657826 -0.356674943938732
-0.916290731874155 999 -0.916290731874155 999 -0.693147180559945 -0.510825623765991 -0.693147180559945
-1.6094379124341 999 -1.6094379124341 999 -1.20397280432594 -1.6094379124341 -1.6094379124341
-0.916290731874155 999 -1.20397280432594 999 -0.693147180559945 -1.20397280432594 -0.916290731874155
0.0953101798043249 999 0 999 0.741937344729377 0.0953101798043249 -0.105360515657826
-0.356674943938732 999 -0.22314355131421 999 0.405465108108164 -0.22314355131421 -0.356674943938732
-0.22314355131421 999 -0.22314355131421 999 0.336472236621213 0.0953101798043249 -0.356674943938732
-0.693147180559945 999 -1.6094379124341 999 -0.916290731874155 -1.6094379124341 -1.20397280432594
-0.693147180559945 999 -0.105360515657826 999 0.470003629245736 0 -0.510825623765991
-0.916290731874155 999 -1.20397280432594 999 -1.20397280432594 -0.916290731874155 -0.916290731874155
-1.20397280432594 999 -1.6094379124341 999 -0.916290731874155 -0.916290731874155 -1.6094379124341
-0.510825623765991 999 -0.356674943938732 999 -0.105360515657826 -0.356674943938732 -0.356674943938732
-0.356674943938732 999 -0.510825623765991 999 -0.356674943938732 -0.510825623765991 -0.693147180559945
-0.356674943938732 999 -0.22314355131421 999 0.470003629245736 -0.105360515657826 -0.510825623765991
-0.22314355131421 999 0 999 0.53062825106217 0.0953101798043249 -0.22314355131421
-0.693147180559945 999 -0.510825623765991 999 0 -0.693147180559945 -0.693147180559945
-0.693147180559945 999 -0.510825623765991 999 0.0953101798043249 -0.510825623765991 -0.356674943938732
-1.20397280432594 999 -0.916290731874155 999 -0.22314355131421 -1.20397280432594 -1.6094379124341
-0.356674943938732 999 -0.22314355131421 999 0.587786664902119 -0.105360515657826 -0.22314355131421
-1.20397280432594 999 -1.20397280432594 999 -0.916290731874155 -0.916290731874155 -1.20397280432594
-0.510825623765991 999 -0.693147180559945 999 0.0953101798043249 -0.693147180559945 -0.356674943938732
-0.510825623765991 999 -0.916290731874155 999 -0.510825623765991 -0.693147180559945 -0.693147180559945
-0.356674943938732 999 -0.22314355131421 999 -0.22314355131421 -0.105360515657826 -0.510825623765991
-0.916290731874155 999 -0.916290731874155 999 -0.510825623765991 -0.510825623765991 -0.693147180559945
-0.22314355131421 999 -0.510825623765991 999 -0.22314355131421 -0.105360515657826 -0.916290731874155
-0.916290731874155 999 -0.693147180559945 999 -0.22314355131421 -0.105360515657826 -0.510825623765991
0.0953101798043249 999 -0.510825623765991 999 -0.510825623765991 -0.356674943938732 -0.510825623765991
-0.916290731874155 999 -0.510825623765991 999 -0.105360515657826 -0.916290731874155 -1.6094379124341
-0.356674943938732 999 -0.356674943938732 999 -0.105360515657826 -0.22314355131421 -0.693147180559945
0.0953101798043249 999 0.262364264467491 999 0.182321556793955 0 -0.22314355131421
-0.693147180559945 999 -0.693147180559945 999 -0.356674943938732 -0.510825623765991 -0.916290731874155
-1.6094379124341 999 -1.6094379124341 999 -0.693147180559945 -1.6094379124341 -1.20397280432594
-0.693147180559945 999 -0.510825623765991 999 0 -0.22314355131421 -0.356674943938732
-0.916290731874155 999 -0.693147180559945 999 -0.22314355131421 -0.356674943938732 -0.356674943938732
-1.20397280432594 999 -1.20397280432594 999 -0.22314355131421 -1.20397280432594 -1.20397280432594
-0.916290731874155 999 -1.20397280432594 999 -0.510825623765991 -0.916290731874155 -1.20397280432594
-1.20397280432594 999 -0.916290731874155 999 -0.693147180559945 -0.693147180559945 -0.916290731874155
-0.693147180559945 999 -0.693147180559945 999 -0.105360515657826 -0.693147180559945 -1.20397280432594
-0.356674943938732 999 -0.22314355131421 999 -0.22314355131421 -0.22314355131421 0
-1.20397280432594 999 -0.510825623765991 999 0.262364264467491 -0.510825623765991 -0.693147180559945
-0.916290731874155 999 -0.916290731874155 999 -0.916290731874155 -0.916290731874155 -1.20397280432594
-0.356674943938732 999 -0.916290731874155 999 -0.22314355131421 -0.105360515657826 -0.916290731874155
-0.510825623765991 999 -0.510825623765991 999 -0.22314355131421 -0.356674943938732 -0.693147180559945
-0.693147180559945 999 -0.510825623765991 999 -0.105360515657826 -0.356674943938732 -0.693147180559945
-0.916290731874155 999 -0.693147180559945 999 -0.22314355131421 -0.510825623765991 -0.693147180559945
-0.510825623765991 999 -0.510825623765991 999 0.0953101798043249 -0.105360515657826 -0.510825623765991
-0.693147180559945 999 -0.356674943938732 999 -0.105360515657826 -0.22314355131421 -0.693147180559945
1.68639895357023 2.30258509299405 999 0.916290731874155 2.63905732961526 2.29253475714054 1.1314021114911
0.0953101798043249 -0.105360515657826 999 -0.105360515657826 0.53062825106217 0.336472236621213 -0.22314355131421
3.04452243772342 1.02961941718116 999 5.3890717298165 3.91202300542815 4.93447393313069 2.02814824729229
2.07944154167984 4.46590811865458 999 4.29045944114839 4.40671924726425 5.23644196282995 4.53259949315326
3.52636052461616 1.75785791755237 999 4.4188406077966 1.87180217690159 4.20469261939097 1.02961941718116
3.52636052461616 0.470003629245736 999 3.68887945411394 1.58923520511658 3.36729582998647 -0.105360515657826
1.43508452528932 -0.916290731874155 999 1.22377543162212 0.262364264467491 0.470003629245736 -1.20397280432594
2.39789527279837 -0.22314355131421 999 4.45434729625351 2.30258509299405 3.8286413964891 0.262364264467491
1.80828877117927 0.470003629245736 999 4.35670882668959 2.484906649788 3.55534806148941 0.53062825106217
0.336472236621213 1.06471073699243 999 2.99573227355399 2.30258509299405 4.04305126783455 0.78845736036427
-0.356674943938732 -0.356674943938732 999 -0.356674943938732 -0.105360515657826 -0.22314355131421 -0.22314355131421
3.04452243772342 1.64865862558738 999 4.64439089914137 2.89037175789616 4.39444915467244 0.955511445027436
4.95582705760126 3.93182563272433 999 5.4510384535657 2.70805020110221 5.08759633523238 2.89037175789616
1.02961941718116 999 1.97408102602201 2.09186406167839 0.470003629245736 999 0
0.587786664902119 999 0.832909122935104 0.182321556793955 3.73766961828337 999 1.79175946922805
1.3609765531356 999 3.97029191355212 4.24849524204936 4.21950770517611 999 5.99146454710798
2.2082744135228 999 2.09186406167839 2.14006616349627 2.484906649788 999 3.29583686600433
1.79175946922805 999 2.56494935746154 2.99573227355399 1.64865862558738 999 1.16315080980568
3.61091791264422 999 0.262364264467491 2.56494935746154 1.28093384546206 999 0.53062825106217
2.56494935746154 999 2.30258509299405 3.76120011569356 3.43398720448515 999 4.44265125649032
1.50407739677627 999 3.43398720448515 2.83321334405622 3.68887945411394 999 4.66343909411207
2.16332302566054 999 3.66356164612965 3.3322045101752 4.27666611901606 999 5.26269018890489
2.04122032885964 999 1.19392246847243 2.83321334405622 2.09186406167839 999 0.405465108108164
2.27212588550934 999 3.36729582998647 3.85014760171006 3.49650756146648 999 4.8283137373023
1.7404661748405 999 3.3322045101752 3.09104245335832 3.29583686600433 999 3.85014760171006
3.04452243772342 999 2.39789527279837 4.0943445622221 3.43398720448515 999 4.11087386417331
4.23410650459726 999 3.49650756146648 4.86753445045558 5.14749447681345 999 5.99146454710798
1.93152141160321 999 3.68637632389582 3.66612246699132 3.7864597824528 999 999
3.14845336057165 999 2.58021682959233 4.34769395559338 3.72810016726722 999 999
2.79116510781272 999 3.01553490085017 4.47049528266149 3.41772668361337 999 999
2.43361335540045 999 5.00930107108312 4.45898767581001 5.05497110791631 999 999
2.80336038090653 999 4.06044301054642 4.52720864451838 5.18178355029209 999 999
0.0953101798043249 999 1.7227665977411 999 2.70805020110221 1.56861591791385 1.22377543162212
2.29253475714054 999 2.11625551480255 999 3.46573590279973 2.77258872223978 1.30833281965018
1.56861591791385 999 2.39789527279837 999 2.39789527279837 3.36729582998647 0.0953101798043249
3.43398720448515 999 2.99573227355399 999 3.36729582998647 3.80666248977032 0.587786664902119
3.87120101090789 999 3.09104245335832 999 3.63758615972639 4.00733318523247 3.36729582998647
1.6094379124341 999 3.63758615972639 999 4.21950770517611 3.40119738166216 4.48863636973214
1.1314021114911 999 2.12823170584927 999 1.93152141160321 2.21920348405499 0.587786664902119
3.29583686600433 999 3.58351893845611 999 4.18965474202643 4.75359019110636 4.23410650459726
-0.693147180559945 999 0.0953101798043249 -0.916290731874155 3.13549421592915 -0.510825623765991 0.0953101798043249
0.78845736036427 2.30258509299405 3.04452243772342 3.2188758248682 2.56494935746154 3.89182029811063 1.6094379124341
1.33500106673234 3.2188758248682 3.36729582998647 2.07944154167984 4.48863636973214 3.09104245335832 4.00733318523247
-0.22314355131421 -0.510825623765991 0.182321556793955 0.262364264467491 0.470003629245736 0.693147180559945 0.405465108108164
-0.510825623765991 -0.510825623765991 -0.22314355131421 -0.510825623765991 0.336472236621213 0.0953101798043249 -0.356674943938732
1.64865862558738 4.70048036579242 2.28238238567653 2.56494935746154 1.85629799036563 3.40119738166216 0.955511445027436
-1.6094379124341 -0.510825623765991 -0.693147180559945 -0.693147180559945 -0.510825623765991 -0.510825623765991 -0.693147180559945
0.0953101798043249 0 0 -0.105360515657826 0 0.0953101798043249 -0.22314355131421
-0.105360515657826 999 -0.356674943938732 -0.356674943938732 0 -0.22314355131421 -0.356674943938732
-0.105360515657826 -0.105360515657826 -0.356674943938732 -0.22314355131421 -0.105360515657826 -0.356674943938732 -0.105360515657826
-0.510825623765991 999 -0.105360515657826 -0.510825623765991 0.336472236621213 -0.22314355131421 -0.356674943938732
1.93152141160321 2.77258872223978 2.63905732961526 3.85014760171006 3.68887945411394 3.93182563272433 3.17805383034795
4.98360662170834 3.97029191355212 3.25809653802148 5.28826703069454 3.46573590279973 5.99146454710798 2.39789527279837
3.78418963391826 5.23110861685459 5.99146454710798 4.93447393313069 4.7361984483945 5.99146454710798 4.07753744390572
3.61091791264422 999 2.89037175789616 4.60517018598809 2.94443897916644 4.9416424226093 2.89037175789616
0.182321556793955 1.1314021114911 1.02961941718116 0.182321556793955 1.70474809223843 1.6094379124341 1.16315080980568
1.25276296849537 3.3322045101752 3.40119738166216 3.95124371858143 3.78418963391826 5.48063892334199 4.58496747867057
-0.22314355131421 -0.356674943938732 -0.105360515657826 -0.916290731874155 0.405465108108164 -0.105360515657826 0.0953101798043249
5.23110861685459 4.24849524204936 3.43398720448515 5.72358510195238 3.93182563272433 5.99146454710798 2.39789527279837
3.76120011569356 999 2.94443897916644 4.20469261939097 3.46573590279973 3.78418963391826 2.70805020110221
-0.356674943938732 999 0.741937344729377 1.87180217690159 1.22377543162212 2.39789527279837 -0.510825623765991
-0.356674943938732 999 -0.22314355131421 0 0.262364264467491 0 -0.510825623765991
0.78845736036427 999 2.63905732961526 3.29583686600433 3.29583686600433 3.91202300542815 1.93152141160321
-0.356674943938732 999 -0.916290731874155 -0.693147180559945 -0.693147180559945 -0.693147180559945 -0.693147180559945
-0.510825623765991 999 -0.510825623765991 -0.510825623765991 -0.693147180559945 -0.510825623765991 -0.356674943938732
0.8754687373539 999 2.56494935746154 3.25809653802148 3.17805383034795 3.55534806148941 1.3609765531356
1.84054963339749 999 3.78418963391826 3.40119738166216 4.29045944114839 4.35670882668959 5.0998664278242
1.70474809223843 999 2.484906649788 1.82454929205105 3.55534806148941 2.56494935746154 3.25809653802148
-0.916290731874155 999 -1.20397280432594 -1.20397280432594 -0.916290731874155 -0.510825623765991 -0.510825623765991
-0.105360515657826 999 -0.22314355131421 -0.22314355131421 0.182321556793955 0 -0.510825623765991
-0.916290731874155 999 -0.105360515657826 -0.510825623765991 0.0953101798043249 -0.22314355131421 0
0.336472236621213 999 1.79175946922805 0.470003629245736 2.70805020110221 0.693147180559945 0.993251773010283
-0.510825623765991 999 -0.510825623765991 -0.693147180559945 -0.510825623765991 -0.510825623765991 -0.693147180559945
-0.916290731874155 999 -0.693147180559945 -0.916290731874155 -0.693147180559945 -0.693147180559945 -0.916290731874155
0.405465108108164 999 1.56861591791385 1.75785791755237 0.0953101798043249 2.28238238567653 0.182321556793955
-0.693147180559945 999 -0.22314355131421 -0.693147180559945 0 -0.356674943938732 -0.356674943938732
0.641853886172395 999 2.04122032885964 2.484906649788 2.24070968927596 3.55534806148941 0.832909122935104
-0.693147180559945 999 -0.356674943938732 -0.693147180559945 -0.356674943938732 -0.916290731874155 -0.356674943938732
1.80828877117927 999 5.0998664278242 4.46590811865458 5.42934562895444 4.98360662170834 5.92958914338989
-0.693147180559945 999 -0.916290731874155 -1.20397280432594 -0.916290731874155 -0.693147180559945 -0.693147180559945
2.56494935746154 999 3.76120011569356 4.68213122712422 2.83321334405622 4.30406509320417 0.916290731874155
1.43508452528932 999 2.484906649788 3.29583686600433 2.63905732961526 3.93182563272433 0.336472236621213
-0.916290731874155 999 -0.916290731874155 -0.916290731874155 -0.693147180559945 -0.916290731874155 -0.916290731874155
-0.105360515657826 999 1.02961941718116 1.58923520511658 0.916290731874155 2.29253475714054 -0.916290731874155
2.63905732961526 999 1.94591014905531 3.61091791264422 1.75785791755237 2.89037175789616 -1.20397280432594
0.741937344729377 999 1.19392246847243 0.993251773010283 0.741937344729377 1.56861591791385 -1.6094379124341
-0.22314355131421 999 -0.22314355131421 -0.356674943938732 0 0 -0.510825623765991
-1.20397280432594 999 -1.20397280432594 -1.20397280432594 -0.916290731874155 -1.20397280432594 -1.6094379124341
3.17805383034795 999 4.48863636973214 5.35185813347607 5.59098698051086 5.20290718174338 4.14313472639153
-0.356674943938732 -0.105360515657826 -0.356674943938732 0 0 -0.22314355131421 -0.510825623765991
-1.6094379124341 -0.693147180559945 -0.916290731874155 -0.916290731874155 -0.510825623765991 -1.20397280432594 -0.510825623765991
-0.510825623765991 -0.22314355131421 0 -0.510825623765991 0.336472236621213 -0.22314355131421 -0.105360515657826
-0.356674943938732 -0.105360515657826 0.182321556793955 -0.356674943938732 0.53062825106217 -0.22314355131421 -0.105360515657826
0.53062825106217 999 999 1.75785791755237 2.95491027903374 3.42751468997953 -2.30258509299405
-0.693147180559945 999 -0.693147180559945 -0.693147180559945 -0.510825623765991 -0.693147180559945 -0.916290731874155
0.78845736036427 999 0.832909122935104 1.50407739677627 2.00148000021012 2.69462718077007 -1.6094379124341
999 999 0.832909122935104 1.19392246847243 0.832909122935104 1.87180217690159 -0.510825623765991
0 999 0.336472236621213 -0.105360515657826 0.641853886172395 0.182321556793955 -0.105360515657826
0.470003629245736 999 1.41098697371026 1.06471073699243 2.19722457733622 4.08597631255158 0.587786664902119
0.0953101798043249 999 0.470003629245736 0.53062825106217 0.587786664902119 2.04122032885964 -0.356674943938732
0.0953101798043249 999 0.0953101798043249 0 0.470003629245736 0.182321556793955 0
-1.20397280432594 999 -0.510825623765991 0.182321556793955 -0.693147180559945 1.22377543162212 -0.916290731874155
0.470003629245736 999 1.93152141160321 2.61006979274201 1.90210752639692 3.5234150143864 0.262364264467491
0.0953101798043249 1.19392246847243 1.38629436111989 0.587786664902119 2.14006616349627 1.43508452528932 1.16315080980568
0.182321556793955 0.955511445027436 1.25276296849537 0.641853886172395 1.25276296849537 1.66770682055808 -0.693147180559945
-0.105360515657826 0.262364264467491 0.182321556793955 -0.22314355131421 0.53062825106217 0 -0.105360515657826
1.88706964903238 3.13549421592915 2.39789527279837 1.66770682055808 4.02535169073515 3.58351893845611 2.484906649788
-0.356674943938732 0.0953101798043249 0.182321556793955 0.470003629245736 0.470003629245736 2.01490302054226 -0.916290731874155
2.63905732961526 4.78749174278205 4.9416424226093 4.59511985013459 4.70048036579242 5.24702407216049 5.99146454710798
5.7037824746562 5.99146454710798 4.12713438504509 4.78749174278205 5.07517381523383 5.7037824746562 5.99146454710798
-0.22314355131421 0.741937344729377 0.470003629245736 0.78845736036427 0.470003629245736 2.39789527279837 -0.510825623765991
2.94443897916644 3.97029191355212 2.70805020110221 4.86753445045558 3.3322045101752 5.99146454710798 4.46590811865458
-0.356674943938732 0.641853886172395 0.587786664902119 0.78845736036427 0.470003629245736 2.89037175789616 -0.22314355131421
5.99146454710798 5.99146454710798 3.49650756146648 5.99146454710798 4.51085950651685 999 5.99146454710798
3.2188758248682 3.46573590279973 3.17805383034795 3.85014760171006 3.71357206670431 999 5.29831736654804
3.52636052461616 4.71849887129509 3.13549421592915 4.27666611901606 4.85203026391962 999 5.99146454710798
3.68887945411394 4.06044301054642 2.24070968927596 4.75359019110636 4.20469261939097 999 5.99146454710798
1.3609765531356 1.16315080980568 1.87180217690159 1.45861502269952 2.83321334405622 999 3.13549421592915
1.33500106673234 1.91692261218206 2.21920348405499 1.41098697371026 3.04452243772342 999 2.89037175789616
1.6094379124341 1.98787434815435 2.29253475714054 1.58923520511658 2.39789527279837 2.89037175789616 0.262364264467491
-0.916290731874155 1.41098697371026 -0.916290731874155 -1.20397280432594 -0.510825623765991 -1.6094379124341 -0.693147180559945
3.04452243772342 4.0943445622221 3.43398720448515 4.70048036579242 4.39444915467244 5.7037824746562 4.34380542185368
-1.20397280432594 -0.510825623765991 -0.916290731874155 -0.916290731874155 -0.356674943938732 -0.916290731874155 -0.510825623765991
-0.105360515657826 0 -0.22314355131421 -0.105360515657826 0.0953101798043249 -0.356674943938732 -0.22314355131421
1.66770682055808 3.46573590279973 3.17805383034795 2.14006616349627 4.51085950651685 3.95124371858143 5.7037824746562
2.05412373369555 4.14313472639153 3.04452243772342 3.55534806148941 3.98898404656427 4.36944785246702 4.15888308335967
2.05412373369555 4.14313472639153 3.04452243772342 3.55534806148941 3.98898404656427 4.36944785246702 4.15888308335967
0.916290731874155 2.30258509299405 2.26176309847379 1.91692261218206 2.70805020110221 2.94443897916644 1.06471073699243
-0.510825623765991 -0.693147180559945 -0.510825623765991 -1.20397280432594 -0.356674943938732 -0.693147180559945 -1.20397280432594
0.53062825106217 0.262364264467491 0.336472236621213 0 0.0953101798043249 0.470003629245736 -0.22314355131421
-1.6094379124341 -1.20397280432594 -1.20397280432594 -1.6094379124341 -1.20397280432594 -1.20397280432594 -1.20397280432594
-0.22314355131421 -0.510825623765991 -0.356674943938732 -0.22314355131421 0.336472236621213 -0.105360515657826 -0.693147180559945
-0.916290731874155 -0.916290731874155 -0.693147180559945 -0.693147180559945 -0.693147180559945 -0.693147180559945 -0.510825623765991
-0.105360515657826 -0.105360515657826 -0.105360515657826 -0.510825623765991 -0.356674943938732 -0.356674943938732 -0.510825623765991
-0.693147180559945 0.182321556793955 0 0 0.336472236621213 -0.22314355131421 -0.22314355131421
-0.356674943938732 -0.356674943938732 -0.510825623765991 -0.356674943938732 -0.356674943938732 -0.510825623765991 -0.356674943938732
2.63905732961526 2.56494935746154 3.73766961828337 4.20469261939097 4.06044301054642 4.62497281328427 2.89037175789616
0.262364264467491 1.1314021114911 1.52605630349505 1.06471073699243 1.30833281965018 2.484906649788 -0.105360515657826
1.52605630349505 5.33753807970132 1.90210752639692 2.01490302054226 1.88706964903238 3.58351893845611 -0.105360515657826
3.49650756146648 3.36729582998647 2.99573227355399 3.63758615972639 3.87120101090789 4.80402104473326 4.53259949315326
-0.356674943938732 -0.22314355131421 -0.105360515657826 -0.916290731874155 0.405465108108164 -0.105360515657826 0.0953101798043249
1.52605630349505 2.09186406167839 2.06686275947298 2.11625551480255 2.63905732961526 3.49650756146648 3.09104245335832
2.26176309847379 3.40119738166216 3.73766961828337 2.63905732961526 3.87120101090789 3.52636052461616 4.18965474202643
3.09104245335832 3.63758615972639 2.70805020110221 3.52636052461616 3.40119738166216 4.40671924726425 4.18965474202643
2.70805020110221 -0.22314355131421 3.61091791264422 5.34710753071747 2.24070968927596 3.2188758248682 0.336472236621213
0.955511445027436 4.33073334028633 1.43508452528932 1.28093384546206 2.11625551480255 1.87180217690159 0.470003629245736
